,date,tz,city,idx,lat,lon,aqi,pm25,pm10,so2,no2,o3,co,h,t,r,w
0,2022-06-04 15:00:00,+08:00,"Dongcheng Dongsi, Beijing (东城东四)",446,39.929,116.417,77,76,33,1.6,2.8,76.7,3.7,36,34,,1.5
1,2022-06-04 15:00:00,+08:00,"Temple of Heaven, Dongcheng, Beijing (东城天坛)",447,39.886,116.407,78,78,34,0.6,5.1,70.8,2.8,36,34,,1.5
2,2022-06-04 15:00:00,+08:00,"West Park officials, Beijing (西城官园)",448,39.929,116.339,85,85,37,2.6,2.8,74,3.7,36,34,,1.5
3,2022-06-04 15:00:00,+08:00,"Wanshou Temple, Beijing (西城万寿西宫)",449,39.878,116.352,80,80,34,1.6,2.8,75.3,4.6,36,34,,1.5
4,2022-06-04 15:00:00,+08:00,"Chaoyang Olympic Sports Center, Beijing (朝阳奥体中心)",450,39.982,116.397,102,102,350,0.6,1,72.7,4.6,36,34,,1.5
5,2022-06-04 15:00:00,+08:00,"Chaoyang Agricultural Exhibition Hall, Beijing (朝阳农展馆)",451,39.937,116.461,78,78,32,1.6,3.7,74.7,3.7,36,34,,1.5
6,2022-06-04 15:00:00,+08:00,"Haidian Wanliu, Beijing (海淀万柳)",452,39.987,116.287,74,74,36,1.6,4.6,73.4,3.7,36,34,,1.5
7,2021-01-18 23:00:00,+08:00,"The Haidian northern New Area, Beijing (海淀北部新区)",453,40.09,116.174,-,89,73,0.6,11,13.9,3.7,78.5,-8.5,,1.5
8,,+08:00,"Haidian Beijing Botanical Garden, Beijing (海淀北京植物园)",454,40.002,116.207,-,,,,,,,78.5,-8.5,,1.5
9,2021-01-18 23:00:00,+08:00,"Fengtai garden, Beijing (丰台花园)",455,39.863,116.279,-,74,,1.1,11.5,15.5,3.7,78.5,-8.5,,1.5
10,2022-06-04 15:00:00,+08:00,"Fengtai Yungang, Beijing (丰台云岗)",456,39.824,116.146,87,82,40,1.6,2.3,87.1,3.7,36,34,,1.5
11,2022-06-04 15:00:00,+08:00,"Shijingshan city, Beijing (石景山古城)",457,39.914,116.184,85,85,38,1.6,3.7,78,4.6,36,34,,1.5
12,2022-06-04 15:00:00,+08:00,"Fangshan, Liangxiang, Beijing (房山良乡)",458,39.742,116.136,95,95,36,1.6,4.6,78.6,6.4,36,34,,1.5
13,2022-06-04 15:00:00,+08:00,"Huangcunzhen, Daxing, Beijing (大兴黄村镇)",459,39.718,116.404,93,93,42,0.6,2.8,88.4,4.6,36,34,,1.5
14,2022-06-04 15:00:00,+08:00,"BDA, Beijing (亦庄开发区)",460,39.795,116.506,82,82,40,1.6,5.1,74,4.6,36,34,,1.5
15,2021-01-18 23:00:00,+08:00,"Tongzhou New Town, Beijing (通州新城)",461,39.886,116.663,-,82,54,0.6,13.8,4.9,5.5,78.5,-8.5,,1.5
16,2022-06-04 15:00:00,+08:00,"Shunyi New Town , Beijing (顺义新城)",462,40.127,116.655,65,65,26,87.8,2.8,58.4,2.8,36,34,,1.5
17,2022-06-04 15:00:00,+08:00,"Changping Town, Beijing (昌平镇)",463,40.217,116.23,70,70,27,0.6,4.2,59.7,2.8,36,34,,1.5
18,2022-06-04 15:00:00,+08:00,"Mentougou, Longquan Town, Beijing (门头沟龙泉镇)",464,39.937,116.106,93,93,40,0.6,4.2,76.7,1.9,36,34,,1.5
19,2022-06-04 15:00:00,+08:00,"Pinggu town, Beijing (平谷镇)",465,40.143,117.1,68,68,57,1.6,2.3,64.3,3.7,36,34,,1.5
20,2022-06-04 15:00:00,+08:00,"Huairou town, Beijing (怀柔镇)",466,40.328,116.628,70,70,25,1.6,2.8,69.5,3.7,36,34,,1.5
21,2022-06-04 15:00:00,+08:00,"The town of Miyun, Beijing (密云镇)",467,40.37,116.832,72,72,26,1.1,1.9,54.5,2.8,36,34,,1.5
22,2022-06-04 15:00:00,+08:00,"Yanqing town, Beijing (延庆镇)",468,40.453,115.972,65,65,28,0.6,1.4,46.8,1.9,36,34,,1.5
23,2022-06-04 15:00:00,+08:00,"Changping Dingling, Beijing (昌平定陵)",469,40.292,116.22,63,63,25,1.6,6.4,59.1,3.7,36,34,,1.5
24,2021-01-18 23:00:00,+08:00,"Badaling Northwest, Beijing (京西北八达岭)",470,40.365,115.988,-,107,112,1.6,12.4,12.2,4.6,78.5,-8.5,,1.5
25,2021-01-18 23:00:00,+08:00,"Miyun Reservoir, Beijing (京东北密云水库)",471,40.499,116.911,-,76,90,1.6,5.5,17.5,4.6,78.5,-8.5,,1.5
26,2021-01-18 23:00:00,+08:00,"Donggaocun Zhen, Pinggu, Beijing (京东东高村)",472,40.1,117.12,-,68,51,1.6,6,22.8,3.7,78.5,-8.5,,1.5
27,2022-06-04 15:00:00,+08:00,"Yongledianzhen, Tongzhou, Beijing (京东南永乐店)",473,39.712,116.783,151,151,61,1.6,2.8,74,10,36,34,,1.5
28,2021-01-18 23:00:00,+08:00,"Yufazhen, Daxing, Beijing (京南榆垡)",474,39.52,116.3,-,93,52,1.6,9.6,15.1,4.6,78.5,-8.5,,1.5
29,2021-01-18 23:00:00,+08:00,"Liulihezhen, Fangshan, Beijing (京西南琉璃河)",475,39.58,116.0,-,74,74,1.6,8.7,13.9,2.8,78.5,-8.5,,1.5
30,2021-01-18 23:00:00,+08:00,"Qianmen E St, Dongcheng, Beijing (前门东大街)",476,39.899,116.395,-,85,48,1.1,8.7,18.3,3.7,78.5,-8.5,,1.5
31,2021-01-18 23:00:00,+08:00,"Yongdingmen Inner St, Beijing (永定门内大街)",477,39.876,116.394,-,65,51,1.1,7.4,11,2.8,78.5,-8.5,,1.5
32,2021-01-18 23:00:00,+08:00,"Xizhimen N St, Beijing (西直门北大街)",478,39.954,116.349,-,91,47,1.6,4.2,16.7,2.8,78.5,-8.5,,1.5
33,2021-01-18 23:00:00,+08:00,"South Ring Road, Beijing (南三环西路)",479,39.856,116.368,-,80,63,0.6,15.1,11.8,4.6,78.5,-8.5,,1.5
34,2021-01-18 23:00:00,+08:00,"East Fourth Ring Road, Beijing (东四环北路)",480,39.939,116.483,-,87,64,1.6,14.7,11.4,4.6,78.5,-8.5,,1.5
35,2022-06-04 13:00:00,+08:00,"Beijing US Embassy, Beijing (北京美国大使馆)",3303,39.954592,116.468117,78,78,38,1.6,4.6,74.7,4.6,48,30,,1.5
36,2022-06-04 15:00:00,+08:00,"丰台小屯, Beijing",13327,39.87694,116.25528,93,93,37,1.6,1,72.7,3.7,36,34,,1.5
37,2022-06-04 15:00:00,+08:00,"密云新城, Beijing",13329,40.4088,116.85152,74,74,24,1.6,1.9,60.4,3.7,36,34,,1.5
38,2022-06-04 15:00:00,+08:00,"平谷新城, Beijing",13330,40.15353,117.0854,66,63,20,1.6,2.3,66.2,3.7,36,34,,1.5
39,2022-06-04 15:00:00,+08:00,"昌平南邵, Beijing",13334,40.21651,116.27603,74,74,32,1.6,3.2,57.1,2.8,36,34,,1.5
40,2022-06-04 15:00:00,+08:00,"海淀四季青, Beijing",13335,40.03,116.23052,78,78,24,0.6,2.8,64.3,4.6,36,34,,1.5
41,2022-06-04 15:00:00,+08:00,"石景山老山, Beijing",13336,39.90886,116.20764,109,109,42,1.6,2.8,72.1,1,36,34,,1.5
42,2022-06-04 15:00:00,+08:00,"Putuo Monitoring Station, Shanghai (普陀监测站)",481,31.234814,121.410728,61,61,25,2.1,6,51.9,5.5,68.5,29.9,,0.8
43,2022-06-04 15:00:00,+08:00,"yángpǔ sì piào, Shanghai (杨浦四漂)",482,31.2659,121.536,65,65,25,3.1,6,40.7,1.9,81,28.8,,0.1
44,2022-06-04 15:00:00,+08:00,"lúwān shī zhuān fùxiǎo, Shanghai (上海师范专科学校附属小学)",483,31.20101399999999,121.483231,68,68,24,2.6,6.9,,3.7,68.5,29.9,,0.8
45,2021-03-14 16:00:00,+08:00,"Qingpu Dianshan Lake, Shanghai (青浦淀山湖)",484,31.0935,120.978,-,119,42,2.6,19.2,15.5,4.9,56.5,15.5,,5.1
46,2022-06-04 15:00:00,+08:00,"Hongkou Liangcheng, Shanghai (虹口凉城)",485,31.3008,121.467,61,61,22,1.6,8.3,,3.7,68.5,29.9,,0.8
47,2022-06-04 15:00:00,+08:00,"Jing'an Monitoring Station, Shanghai (静安监测站)",486,31.2261,121.425,59,59,25,2.1,8.3,46.8,4.9,65.8,30.7,,0.6
48,2022-06-04 15:00:00,+08:00,"xúhuì shàng shī dà, Shanghai (徐汇上师大)",487,31.1654,121.412,70,70,27,2.1,10.1,45.9,7.6,65.8,30.7,,0.6
49,2022-06-04 15:00:00,+08:00,"pǔdōng chuān shā, Shanghai (浦东川沙)",488,31.1907,121.703,61,61,20,2.1,7.4,36.6,3.7,78,27,,4.1
50,2022-06-04 15:00:00,+08:00,"pǔdōng zhāngjiāng, Shanghai (浦东张江)",489,31.2071,121.577,63,63,20,2.1,7.4,32.5,6.4,81,28.8,,0.1
51,2022-06-04 15:00:00,+08:00,"Pudong Monitoring Station, Shanghai (浦东监测站)",490,31.2284,121.533,70,70,27,3.1,6.4,43.5,6.8,83,28.4,,0.1
52,2020-04-30 18:00:00,+08:00,"City average, Shanghai (全市平均)",491,31.230393,121.473704,109,109,67,6.1,19.2,80.6,6,59,25.5,,0.2
53,2022-06-04 14:00:00,+08:00,"Pudong Zhoupu, Shanghai (浦东周浦)",10185,31.114301,121.574951,57,57,19,1.1,15.6,28.9,2,79,28.8,,0.1
54,2022-06-04 15:00:00,+08:00,"Pudong Huinan, Shanghai (浦东惠南)",10186,31.04808,121.749495,53,53,20,2.1,6,39,3.9,78,27,,4.1
55,2022-06-04 14:00:00,+08:00,"People's Square, Shanghai (人民广场)",10187,31.22967,121.47616,74,74,23,2.6,4.6,45.5,4.9,68.5,29.7,,0.5
56,2022-06-04 14:00:00,+08:00,"Huangpu Ruijin, Shanghai (黄浦瑞金)",10188,31.213834,121.462917,72,72,22,1.6,5.5,43.9,3.9,68.5,29.7,,0.5
57,2022-06-04 14:00:00,+08:00,"Jing'an Qiyi Middle School, Shanghai (静安七一中学)",10189,31.231002,121.452066,68,68,20,1.1,4.2,43.9,4.9,67,30,,0.5
58,2022-06-04 14:00:00,+08:00,"Jing'an Hetian Middle School, Shanghai (静安和田中学)",10190,31.274911,121.454927,74,74,24,1.6,6.4,44.3,4.9,68.5,29.7,,0.5
59,2022-05-06 14:00:00,+08:00,"Jing'an North High-tech, Shanghai (静安市北高新)",10191,31.295743,121.436946,85,63,19,5.1,5.5,84.5,5.2,26.6,32.3,,0.4
60,2022-06-04 15:00:00,+08:00,"Xujiahui, Shanghai (徐家汇)",10192,31.194503,121.437516,61,61,28,1.1,5.5,26.4,5.3,65.8,30.7,,0.6
61,2022-06-04 15:00:00,+08:00,"Changning Xianxia, Shanghai (长宁仙霞)",10193,31.2060391,121.3892098,63,63,28,3.6,8.7,45.5,7.3,65.8,30.7,,0.6
62,2022-04-18 12:00:00,+08:00,"Changning Chengqiao, Shanghai (长宁程桥)",10194,31.1891105,121.3726724,57,57,27,2.1,6.4,48,2.9,39,19,,0.5
63,2022-06-04 15:00:00,+08:00,"Changning Huayang, Shanghai (长宁华阳)",10195,31.216258,121.423952,57,57,42,2.6,12.4,25.2,9.8,66.2,30.6,,0.6
64,2022-06-04 14:00:00,+08:00,"Putuo Taopu, Shanghai (普陀桃浦)",10196,31.278981,121.363483,68,68,30,2.6,6,45.5,4.1,69.3,29.6,,0.6
65,2021-07-02 18:00:00,+08:00,"Hongkou Jiaxing, Shanghai (虹口嘉兴)",10197,31.257187,121.49131,-,68,25,3.1,15.1,16.7,6.5,95,25,,0.3
66,2022-06-04 14:00:00,+08:00,"Yangpu Monitoring Station, Shanghai (杨浦监测站)",10198,31.281478,121.54201,70,70,21,1.6,4.6,43.1,2.7,79,28.8,,0.1
67,2022-06-04 15:00:00,+08:00,"Yangpu New Jiangwan City, Shanghai (杨浦新江湾城)",10199,31.329075,121.522236,57,57,28,1.6,10.6,41.1,5.9,83,28.4,,0.1
68,2022-06-04 14:00:00,+08:00,"Baoshan Yangxing, Shanghai (宝山杨行)",10200,31.364479,121.438297,57,57,21,3.6,9.6,30.1,5,67,30,,0.5
69,2022-04-13 13:00:00,+08:00,"Baoshan Luodian, Shanghai (宝山罗店)",10201,31.415251,121.346638,72,72,35,2.6,4.6,26,3.6,85.8,16,,0.2
70,2022-06-04 15:00:00,+08:00,"Baoshan Temple Line, Shanghai (宝山庙行)",10202,31.319788,121.449684,68,68,25,2.1,5.1,50,3.7,65.6,30.7,,0.6
71,2022-06-04 15:00:00,+08:00,"Minhang Jiangchuan, Shanghai (闵行江川)",10203,31.0066775,121.4074826,63,63,28,1.6,8.3,27.7,2.7,70,30,,2.5
72,2022-06-04 03:00:00,+08:00,"Minhang Pujiang, Shanghai (闵行浦江)",10204,31.075571,121.515504,55,55,14,1.6,5.5,22.4,4.7,92,22.7,,0.1
73,2022-04-28 08:00:00,+08:00,"Jiading Monitoring Station, Shanghai (嘉定监测站)",10205,31.375042,121.268689,96,78,96,2.1,11.5,34.6,4.3,74.5,17,,3
74,2022-04-22 03:00:00,+08:00,"Jiading Tianhua College, Shanghai (嘉定天华学院)",10206,31.408689,121.201974,99,99,44,2.6,10.1,36.2,6.3,77,17,,2.5
75,2022-06-04 15:00:00,+08:00,"Jiading Fangtai, Shanghai (嘉定方泰)",10207,31.31617,121.217115,78,78,48,3.6,6.9,37.4,3.2,70,30,,2.5
76,2022-06-04 15:00:00,+08:00,"Jiading Nanxiang, Shanghai (嘉定南翔)",10208,31.294176,121.320622,80,80,24,1.6,9.2,50.6,3.7,70,30,,2.5
77,2022-06-04 13:00:00,+08:00,"jīnshān zhū jīng, Shanghai (金山朱泾)",10209,30.898687,121.166678,59,59,17,2.6,2.8,40.3,4.5,70,29.5,,3
78,2022-06-04 15:00:00,+08:00,"Jinshan New Town, Shanghai (金山新城)",10210,30.705811,121.346377,50,50,16,3.1,7.4,46.8,4.9,70,30,,2.5
79,2022-06-04 14:00:00,+08:00,"jīnshān lángxià, Shanghai (金山廊下)",10211,30.790032,121.193091,68,68,22,5.1,6.9,51.3,4.3,70,29.5,,3
80,2022-06-04 15:00:00,+08:00,"Jinshan Fengjing, Shanghai (金山枫泾)",10212,30.888329,121.010356,68,68,24,2.6,3.2,53.2,8.7,70,30,,2.5
81,2019-04-09 18:00:00,+08:00,"Songjiang Jingde Road, Shanghai (上海松江景德路)",10213,31.0089771,121.2382812,55,122,55,3.1,9.6,58.4,3.7,,,,9.2
82,2022-06-04 15:00:00,+08:00,"Songjiang Library, Shanghai (松江图书馆)",10214,31.035668,121.220837,80,80,27,1.6,4.6,55.2,6.4,70,30,,2.5
83,2022-06-04 15:00:00,+08:00,"Songjiang Zhongchen Road, Shanghai (松江中辰路)",10215,31.0487929,121.2697744,63,63,22,1.6,5.5,48,6.1,70,30,,2.5
84,2022-06-04 14:00:00,+08:00,"Qingpu Xiayang, Shanghai (青浦夏阳)",10216,31.148344,121.125969,63,63,20,2.1,6,45.1,3.2,70,29.5,,3
85,2022-06-04 14:00:00,+08:00,"Qingpu Zhujiajiao, Shanghai (青浦朱家角)",10217,31.103759,121.046456,80,80,26,1.1,3.7,48,4.3,70,29.5,,3
86,2021-01-01 05:00:00,+08:00,"Qingpu Yingpu, Shanghai (青浦盈浦)",10218,31.145806,121.114785,109,109,50,2.6,27,4.9,7.2,65.5,-3.5,,1
87,2022-06-04 14:00:00,+08:00,"Fengxian South Bridge, Shanghai (奉贤南桥)",10219,30.903467,121.458755,55,55,20,1.6,5.1,27.7,3.7,70,29.5,,3
88,2022-06-04 15:00:00,+08:00,"Fengxian Bay, Shanghai (奉贤海湾)",10220,30.857285,121.567409,46,46,11,1.6,8.3,23.2,3.2,78,27,,4.1
89,2022-06-04 15:00:00,+08:00,"Fengxian Nanqiao New City, Shanghai (奉贤南桥新城)",10221,30.948883,121.478835,70,70,30,2.1,4.6,47.6,5.5,70,30,,2.5
90,2022-06-04 14:00:00,+08:00,"Fengxian Fengpu, Shanghai (奉贤奉浦)",10222,30.9422683,121.4561249,68,68,19,1.1,5.5,48.8,2.5,70,29.5,,3
91,2022-06-04 14:00:00,+08:00,"Chongming City Bridge, Shanghai (崇明城桥)",10223,31.628161,121.398098,68,68,20,1.6,4.2,45.1,9.5,68.5,29.7,,0.5
92,2022-06-04 15:00:00,+08:00,"chóngmíng lǜ huá, Shanghai (崇明绿华)",10224,31.762452,121.220535,85,85,28,2.1,8.7,48.4,3.2,65.6,30.7,,0.6
93,2022-06-04 15:00:00,+08:00,"Chongming Forest Park, Shanghai (崇明森林公园)",10225,31.681728,121.482832,57,57,27,4.1,3.7,43.5,9.4,65.8,30.7,,0.6
94,2022-06-04 15:00:00,+08:00,"Chongming Shangshi Dongtan, Shanghai (崇明上实东滩)",10226,31.506837,121.906898,46,46,10,3.1,4.2,42.7,6.4,78,27,,4.1
95,2022-06-04 14:00:00,+08:00,"Shanghai US Consulate, Shanghai (上海美国总领事馆)",3304,31.2047372,121.4489017,65,65,,,,,,68.6,29.4,,0.6
96,2022-06-04 15:00:00,+08:00,"Yantian, Shenzhen (盐田)",914,22.590807,114.262078,20,42,20,1.1,2.8,,5.5,72,33.6,,3
97,,+0800,Xiapi,915,22.762593,114.35232,-,,,,,,,51,27,,3.1
98,2022-06-04 15:00:00,+08:00,"Kwai Chung, Shenzhen (西乡)",916,22.575856,113.862238,53,53,30,2.1,2.8,,3.7,79,30,,7.7
99,,+0800,Songgang,917,22.764405,113.848641,-,,,,,,,51,27,,3.1
100,,+0800,Shajing,918,22.73284,113.811677,-,,,,,,,51,27,,3.1
101,,+0800,Pingshan,919,22.690824,114.346126,-,,,,,,,51,27,,3.1
102,2020-12-04 15:00:00,+08:00,"Nanyou, Shenzhen (南油)",920,22.516847,113.923192,87,87,51,3.1,7.8,29.7,6.3,56.7,18.8,,2.7
103,2022-06-04 15:00:00,+08:00,"Nan'aozhen, Shenzhen (南澳)",921,22.528186,114.496906,50,50,26,4.1,1.9,,5.5,62,31.6,,12
104,2022-06-04 14:00:00,+08:00,"Meisha, Shenzhen (梅沙)",922,22.598902,114.313483,42,42,24,2.6,3.2,,3.7,62,31.6,,12
105,,+0800,Longhua,923,22.65158,114.022403,-,,,,,,,51,27,,3.1
106,2022-06-04 15:00:00,+08:00,"Xi xiang, Shenzhen (龙岗)",924,22.720358,114.247468,34,34,23,2.1,3.7,,4.6,72,33.6,,3
107,2020-12-04 15:00:00,+08:00,"Liyuan, Shenzhen (荔园)",925,22.5500005,114.0960791,104,104,52,3.1,8.7,29.7,6.4,56.7,18.8,,2.7
108,2022-06-04 14:00:00,+08:00,"Kwai Chung, Shenzhen (葵涌)",926,22.630626,114.423948,42,42,22,2.6,1.4,,3.7,62,31.6,,12
109,2022-06-04 15:00:00,+08:00,"OCT, Shenzhen (华侨城)",927,22.542454,113.987495,50,50,24,2.1,3.7,,4.6,72,33.6,,3
110,2022-06-04 15:00:00,+08:00,"Honghu, Shenzhen (洪湖)",928,22.562334,114.116872,46,46,20,3.1,2.8,,3.7,72,33.6,,3
111,,+0800,Henggang,929,22.648548,114.208946,-,,,,,,,51,27,,3.1
112,,+0800,Guangming,930,22.723285,114.417292,-,,,,,,,51,27,,3.1
113,2022-06-04 15:00:00,+08:00,"Mission Hills, Shenzhen (观澜)",931,22.696848,114.04539,38,38,24,3.6,3.2,,1,79,30,,7.7
114,,+0800,Fuyong,932,22.670922,113.823012,-,,,,,,,51,27,,3.1
115,2022-06-04 15:00:00,+08:00,Guangzhou (广州),1449,23.141191,113.258374,55,55,27,2.6,4.6,41.5,6.1,63,34,,5.1
116,2020-02-09 13:00:00,+08:00,"Lìwān xicūn, Guangzhou (广州荔湾西村)",771,23.1422,113.235,68,68,24,2.6,5.1,,4.6,54,15,,1.5
117,2020-09-06 16:00:00,+08:00,"Gōngyuán qián, Guangzhou (广州公园前)",772,23.1331,113.26,107,107,61,4.1,12.8,,7.3,52,34,,2.5
118,2020-02-09 13:00:00,+08:00,"Hǎi zhūbǎo gǎng, Guangzhou (广州海珠宝岗)",773,23.105,113.261,72,72,21,2.1,4.2,,6.4,54,15,,1.5
119,,+08:00,"Tiānhé chéng, Guangzhou (广州天河城)",774,23.1358,113.317,-,,,,,,,57.5,34.5,,0.5
120,2020-02-09 13:00:00,+08:00,"Hǎizhū chìshā, Guangzhou (广州海珠赤沙)",775,23.0916,113.348,61,61,19,2.6,4.2,,5.5,54,15,,1.5
121,2020-02-09 12:00:00,+08:00,"Huángbù dàshādì, Guangzhou (广州黄埔大沙地)",776,23.105,113.433,57,57,17,2.1,5.5,,6.4,54,15,,1.5
122,2020-02-09 13:00:00,+08:00,"Pānyú city bridge, Guangzhou (广州番禺市桥)",777,22.9477,113.352,59,59,20,2.6,5.5,,6.4,71,15.2,,2.1
123,2020-02-09 13:00:00,+08:00,"Huadu town, Guangzhou (广州花都城区)",778,23.3917,113.215,59,59,20,1.6,3.7,,6.4,54,15,,1.5
124,2020-02-09 13:00:00,+08:00,"Luogang Zhenlong, Guangzhou (广州萝岗镇龙)",779,23.2783,113.568,85,85,27,2.1,3.7,,5.5,54,15,,1.5
125,2022-06-04 14:00:00,+08:00,"LuHu, Guangzhou (广州麓湖)",780,23.1569,113.281,50,50,24,2.1,2.3,,6.4,63,34,,5.1
126,2021-01-01 01:00:00,+08:00,"Tianhu, Guangzhou (广州天湖)",781,23.6502,113.6246,42,42,20,3.1,6.9,,4.6,20,7,,5.6
127,2020-09-06 16:00:00,+08:00,"Zhudong, Guangzhou (广州竹洞)",782,23.4208,113.073,114,114,55,2.1,11.5,,7.3,52,34,,2.5
128,,+08:00,"Modiesha station, Guangzhou (广州磨碟沙站)",783,23.1064,113.3328,-,,,,,,,54,15,,1.5
129,2022-06-04 14:00:00,+08:00,"Dòumén, Zhuhai (珠海斗门)",784,22.2281,113.299,34,34,18,3.6,1,,2.8,79,31,,6.1
130,2022-06-04 14:00:00,+08:00,"Jídà, Zhuhai (珠海吉大)",785,22.2611,113.574,55,55,21,3.6,1,,2.8,79,31,,6.1
131,2022-06-04 14:00:00,+08:00,"Qiánshān, Zhuhai (珠海前山)",786,22.2294,113.495,55,55,20,4.1,2.3,,1.9,79,31,,6.1
132,2022-06-04 14:00:00,+08:00,"Táng jiā, Zhuhai (珠海唐家)",787,22.4251,113.628,42,42,15,4.1,1,,2.8,74,31,,7.7
133,2020-10-12 10:00:00,+08:00,"Huìjǐngchéng, Foshan (佛山惠景城)",788,23.0019,113.1047,95,95,46,7.1,11.5,46.3,5.4,62.6,29.4,,3
134,2022-06-04 14:00:00,+08:00,"Wān liáng, Foshan (佛山湾梁)",789,23.0048,113.134,53,53,22,2.6,1,,3.7,63,34,,4.6
135,2022-06-04 14:00:00,+08:00,"Huicai technical school, Foshan (佛山华材职中)",790,23.0395,113.105,38,38,25,3.6,1.9,,4.6,63,34,,4.6
136,2022-06-04 14:00:00,+08:00,"Sanshuiyun donghai, Foshan (佛山三水云东海)",791,23.1886,112.863,25,38,25,2.6,3.7,,5.5,63,34,,4.6
137,2022-06-04 14:00:00,+08:00,"Nanhai Bureau of Meteorology, Foshan (佛山南海气象局)",792,23.0467,113.144,46,46,26,2.1,3.7,,4.6,63,34,,4.6
138,2022-06-04 14:00:00,+08:00,"Gāomíng kǒngtáng, Foshan (佛山高明孔堂)",793,22.8693,112.844,38,38,25,2.6,1.4,,4.6,63,34,,4.6
139,2022-06-04 14:00:00,+08:00,"Sanshui Monitoring Station, Foshan (佛山三水监测站)",794,23.1572,112.885,63,63,22,3.1,4.6,,6.4,63,34,,4.6
140,2020-02-09 13:00:00,+08:00,"Shùndé sūgǎng, Shunde (顺德顺德苏岗)",795,22.8054,113.292,42,42,10,3.1,2.8,,5.5,71,15.2,,2.1
141,2020-02-09 13:00:00,+08:00,"Ronggui street committee, Shunde (顺德容桂街道办)",796,22.7629,113.257,21,21,11,2.1,4.2,,5.5,71,15.2,,2.1
142,,+08:00,"Jinjuzui, Shunde (顺德金桔咀)",797,22.819722,113.261667,-,,,,,,,,28.8,,
143,2022-06-04 14:00:00,+08:00,"Donghu, Jiangmen (江门东湖)",798,22.5931,113.0819,50,50,20,3.1,2.3,,3.7,79,31,,6.1
144,,+08:00,"Taoyuan Atmosphere Premier Station, Jiangmen (江门桃源大气超级站)",799,22.7279,112.929,-,,,,,,,70.8,15.2,,2.1
145,,+08:00,"Duānfēn, Jiangmen (江门端芬)",800,22.0608,112.7607,-,,,,,,,70.8,15.2,,2.1
146,,+08:00,"Shuāngqiáo, Jiangmen (江门双桥)",801,22.5862,112.5814,-,,,,,,,71,15.2,,2.1
147,2022-06-04 14:00:00,+08:00,"Xiqū, Jiangmen (江门西区)",802,22.5811,113.074,59,59,23,2.1,2.3,,3.7,79,31,,6.1
148,2022-06-04 13:00:00,+08:00,"Běijiē, Jiangmen (江门北街)",803,22.6069,113.104,42,42,13,2.1,1,,2.8,79,31,,6.1
149,2022-06-04 14:00:00,+08:00,"Guīfēngxi, Jiangmen (江门圭峰西)",804,22.5328,113.024,20,42,20,2.1,1.9,,2.8,79,31,,6.1
150,2022-06-04 14:00:00,+08:00,"Kengkouzi station, Zhaoqing (肇庆坑口子站)",805,23.1617,112.565,50,50,22,3.6,1,,4.6,63,34,,4.6
151,2022-06-04 14:00:00,+08:00,"Mugangzi station, Zhaoqing (肇庆睦岗子站)",806,23.0706,112.427,57,57,20,4.1,3.7,,6.4,63,34,,4.6
152,2021-01-01 02:00:00,+08:00,"Qixingyanzi station, Zhaoqing (肇庆七星岩子站)",807,23.0786,112.4722,65,65,33,5.1,7.4,,4.6,41.1,8.8,,1.6
153,2022-06-04 14:00:00,+08:00,"Chengzhongzi station, Zhaoqing (肇庆城中子站)",808,23.0528,112.471,46,46,18,4.1,4.6,,5.5,63,34,,4.6
154,,+08:00,"Jinguo Bay, Huizhou (惠州金果湾)",809,22.9398,114.3806,-,,,,,,,62,16.3,,6
155,2022-06-04 14:00:00,+08:00,"Xiabu, Huizhou (惠州下埔)",810,23.08,114.4053,30,30,24,1.1,3.7,,2.8,74,31,,7.7
156,,+08:00,"Xijiao, Huizhou (惠州西角)",811,23.3406,114.1077,-,,,,,,,54,15,,1.5
157,2022-06-04 14:00:00,+08:00,"Henan'an, Huizhou (惠州河南岸)",812,23.0528,114.4183,30,9,30,1.1,1.4,,4.6,74.8,32.8,,3.4
158,2022-06-04 14:00:00,+08:00,"Jiangbei, Huizhou (惠州江北)",813,23.1142,114.4103,42,42,20,3.1,1.9,,3.7,74,31,,7.7
159,2022-06-04 14:00:00,+08:00,"Huiyang chuanhu, Huizhou (惠州惠阳船湖)",814,22.8172,114.3244,30,30,23,1.6,5.1,,5.5,74.8,32.8,,3.4
160,2022-06-04 14:00:00,+08:00,"Daya bay management committee, Huizhou (惠州大亚湾管委会)",815,22.7422,114.5317,42,42,20,7.1,2.3,,2.8,70,30.5,,18
161,,+08:00,"Guancheng No.2 water plant, Dongguan (东莞莞城二水厂)",816,23.06,113.7480556,-,,,,,,,54,15,,1.5
162,,+08:00,"Experimental Middle  School, Dongguan (东莞实验中学)",817,23.05361111,113.7819444,-,,,,,,,54,15,,1.5
163,2022-06-04 14:00:00,+08:00,"Dongcheng Shijing, Dongguan (东莞东城石井)",818,23.01277778,113.7944444,42,42,19,1.1,2.8,,3.7,74,31,,7.7
164,2022-06-04 14:00:00,+08:00,"Nancheng Xiping, Dongguan (东莞南城西平)",819,22.96583333,113.7383333,78,78,64,2.6,6.4,,2.8,74,31,,7.7
165,2022-06-04 14:00:00,+08:00,"Nancheng Yuanling, Dongguan (东莞南城元岭)",820,23.02777778,113.7461111,42,42,24,4.1,2.3,,5.5,74,31,,7.7
166,2022-06-04 14:00:00,+08:00,"Zimaling, Zhongshan (中山紫马岭)",821,22.5078,113.402,53,53,22,1.1,1.4,,6.4,74,31,,7.7
167,2021-01-01 01:00:00,+08:00,"Yangtze River tourist area, Zhongshan (中山长江旅游区)",822,22.4886,113.434,65,65,40,3.6,14.2,,3.7,40.5,9.3,,1.8
168,2022-06-04 14:00:00,+08:00,"Huabai Park, Zhongshan (中山华柏园)",823,22.5211,113.369,55,55,44,1.6,1.9,,4.6,74,31,,7.7
169,2022-06-04 14:00:00,+08:00,"Zhangxi, Zhongshan (中山张溪)",824,22.5481,113.365,38,38,24,2.6,1,,6.4,74,31,,7.7
170,2022-06-04 15:00:00,+08:00,"No.8 middle school, Shaoguan (韶关市八中)",4250,24.7708,113.5783,42,42,15,4.6,3.7,,3.7,85.9,28.6,2.3,1
171,2022-06-04 15:00:00,+08:00,"Bìhú shānzhuāng, Shaoguan (韶关碧湖山庄)",4251,24.8108,113.5397,34,34,11,5.1,1.9,,3.7,85.9,28.6,2.3,1
172,2022-06-04 15:00:00,+08:00,"Forest area, Shaoguan (韶关园林处)",4252,24.7992,113.6081,21,21,10,5.1,4.6,,8.2,85.9,28.6,2.3,1
173,2022-06-04 15:00:00,+08:00,"Shaoguan University, Shaoguan (韶关韶关学院)",4253,24.7939,113.6414,25,25,14,5.6,2.8,,3.7,85.9,28.6,2.3,1
174,2022-06-04 15:00:00,+08:00,"Qujiang Monitoring Station, Shaoguan (韶关曲江监测站)",4254,24.6861,113.5964,42,42,18,3.6,1.4,,3.7,85.9,28.6,2.3,1
175,2022-06-04 15:00:00,+08:00,"Jīnpíngzi, Shantou (汕头金平子站)",4255,23.3667,116.6794,19,17,19,3.6,1.4,,3.7,62,33,,3.6
176,2022-06-04 14:00:00,+08:00,"Lónghúzi, Shantou (汕头龙湖子站)",4256,23.3633,116.7244,25,25,17,3.1,1.9,,3.7,62,33,,3.6
177,2022-06-04 15:00:00,+08:00,"Háojiāngzi, Shantou (汕头濠江子站)",4257,23.2775,116.7258,49,34,49,4.1,1.9,,4.6,62,33,,3.6
178,2022-06-04 15:00:00,+08:00,"Chénghǎizi, Shantou (汕头澄海子站)",4258,23.4714,116.7519,34,34,17,2.6,2.3,,3.7,62,33,,3.6
179,2022-06-04 15:00:00,+08:00,"Cháoyángzi, Shantou (汕头潮阳子站)",4259,23.2539,116.6092,25,25,12,3.1,1,,3.7,62,33,,3.6
180,2022-06-04 14:00:00,+08:00,"City Environmental Monitoring Station, Zhanjiang (湛江市环境监测站)",4260,21.2228,110.3928,30,30,16,3.1,2.8,,4.6,69.7,31.5,99.4,3
181,2022-06-04 14:00:00,+08:00,"EPB Dormitory, Zhanjiang (湛江环保局宿舍)",4261,21.1997,110.4019,34,34,26,2.1,2.3,,3.7,69.7,31.5,99.4,3
182,2022-06-04 14:00:00,+08:00,"Xiashan Swimming Park, Zhanjiang (湛江霞山游泳场)",4262,21.2028,110.4111,30,30,20,3.6,3.7,,4.6,69.7,31.5,99.4,3
183,2022-06-04 14:00:00,+08:00,"Zhanjiang Theatre, Zhanjiang (湛江湛江影剧院)",4263,21.2706,110.3539,30,30,26,4.1,1.9,,4.6,69.7,31.5,99.4,3
184,2021-01-01 01:00:00,+08:00,"Maogang sub-office EPB, Maoming (茂名市环保局茂港分局)",4264,21.4689,111.0286,102,102,60,16.8,11,,4.6,47.2,10.6,,3
185,2022-06-04 14:00:00,+08:00,"Petrochemical No. 7 elementaty school, Maoming (茂名茂石化七小)",4265,21.6533,110.9294,50,50,20,3.1,2.3,,5.5,69.6,30.8,0.2,4
186,2022-06-04 14:00:00,+08:00,"Jiankang road, Maoming (茂名健康路)",4266,21.6669,110.9067,25,25,20,2.6,1.9,,5.5,69.6,30.8,0.2,4
187,2021-01-01 01:00:00,+08:00,"Jiaying University, Meizhou (梅州嘉应大学)",4267,24.3289,116.1278,61,61,26,3.1,9.2,,4.6,39,7,,1.5
188,2022-06-04 14:00:00,+08:00,"Mexian new town, Meizhou (梅州梅县新城)",4268,24.2719,116.0797,42,42,16,2.1,1.4,,3.7,66,33,,4.6
189,2022-06-04 14:00:00,+08:00,"Environmental Monitoring Center, Meizhou (梅州环境监控中心)",4269,24.2654,116.1248,34,34,14,2.6,2.3,,3.7,66,33,,4.6
190,2022-06-04 14:00:00,+08:00,"City government, Shanwei (汕尾市政府)",4271,22.7953,115.3578,85,85,30,2.6,1,,3.7,80.5,29.3,0.4,4
191,2022-06-04 14:00:00,+08:00,"Xincheng Middle School, Shanwei (汕尾新城中学)",4272,22.7925,115.3622,42,42,15,3.1,0.5,,3.7,80.5,29.3,0.4,4
192,,+08:00,"No.3 elementary school, Heyuan (河源市三小)",4273,23.7586,114.6944,-,,,,,,,71.8,11.2,99.1,3
193,,+08:00,"City water company, Heyuan (河源市自来水厂)",4274,23.7569,114.6778,-,,,,,,,74.8,30.9,,
194,,+08:00,"Heyuan high school, Heyuan (河源河源中学)",4275,23.7233,114.6892,-,,,,,,,71.8,11.2,99.1,3
195,2021-01-01 01:00:00,+08:00,"Yuanyang Lake, Yangjiang (阳江鸳鸯湖)",4276,21.8586,111.9786,87,87,34,5.6,11,,3.7,39.2,9.5,,5
196,2021-01-01 01:00:00,+08:00,"Nan'en road, Yangjiang (阳江南恩路)",4278,21.8536,111.9508,82,82,36,5.1,6.9,,4.6,39.2,9.5,,5
197,2020-02-09 13:00:00,+08:00,"Town governement, Qingyuan (清远城区政府)",4279,23.7106,113.0208,38,38,10,2.6,3.7,,5.5,,,,1.5
198,,+08:00,"Fupin district, Qingyuan (清远扶贫区)",4280,23.6272,113.0622,-,,,,,,,54,15,,1.5
199,,+08:00,"Environment protection office, Qingyuan (清远环保局)",4281,23.6936,113.0425,-,,,,,,,54,15,,1.5
200,2021-01-01 01:00:00,+08:00,"Xiyuan Road, Chaozhou (潮州西园路)",4282,23.6714,116.6339,63,63,26,4.1,5.5,,4.6,39,7,,1.5
201,2022-06-04 14:00:00,+08:00,"Archives Bureau, Chaozhou (潮州档案局)",4283,23.6706,116.6447,34,34,16,3.6,2.8,,5.5,66,33,,4.6
202,,+08:00,"Municipal Corporation, Chaozhou (潮州市政公司)",4284,23.6531,116.6175,-,,,,,,,63,17,,1.5
203,,+08:00,"Donghu Park, Jieyang (揭阳东湖公园)",4285,23.5353,116.3697,-,,,,,,,63,17,,1.5
204,,+08:00,"Yuhu Middle School, Jieyang (揭阳渔湖初级中学)",4286,23.5292,116.4094,-,,,,,,,63,17,,1.5
205,2020-12-04 15:00:00,+08:00,"Experimental Primary School, Jieyang (揭阳实验小学)",4287,23.5739,116.3594,42,42,19,3.6,3.7,30.5,6.3,55,18,,4.6
206,,+08:00,"Xian jiào, Jieyang (揭阳仙滘)",4288,23.5486,116.3242,-,,,,,,,63,17,,1.5
207,2021-01-01 01:00:00,+08:00,"City Environmental Monitoring Station, Yunfu (云浮市环境监测站)",4289,22.9394,112.0369,95,95,61,6.1,28.8,,8.2,41.2,8.9,,3
208,2020-02-09 13:00:00,+08:00,"The new city government headquarters, Yunfu (云浮新市府指挥部)",4290,22.9169,112.0392,25,25,23,4.6,4.2,,6.4,75.6,12.9,99.1,3
209,2020-02-09 13:00:00,+08:00,"Muyang police sub-station, Yunfu (云浮牧羊派出所)",4291,22.9539,112.0539,34,34,18,5.1,3.2,,6.4,75.6,12.9,99.1,3
210,2022-06-04 15:00:00,+08:00,"Chaonanzi Station, Shantou (汕头潮南子站)",4292,23.2536,116.4019,59,59,23,3.1,1,,3.7,62,33,,3.6
211,2022-06-04 14:00:00,+08:00,"Mazhang EPA, Zhanjiang (湛江麻章区环保局)",4293,21.2679,110.3316,53,53,30,2.6,2.3,,4.6,69.7,31.5,99.4,3
212,2022-06-04 14:00:00,+08:00,"Potou District EPB, Zhanjiang (湛江坡头区环保局)",4294,21.2567,110.4558,46,46,23,2.6,2.3,,5.5,69.7,31.5,99.4,3
213,2022-06-04 14:00:00,+08:00,"Gaoling, Maoming (茂名高岭)",4295,21.6828,110.8592,21,21,9,3.1,2.8,,5.5,69.6,30.8,0.2,4
214,2014-04-02 05:00:00,+08:00,"Maofengshan Forest Park, Guangzhou",4842,,,65,65,42,5,10,14,8,94,19,,4
215,2014-04-02 05:00:00,+08:00,"mǎ nán dòng, Yangjiang",4843,,,112,112,56,5,27,6,12,91,18,,9
216,,+08:00,"wànqǐng shā, Guangzhou (广州万顷沙)",4850,22.7108,113.5485,-,,,,,,,71,15.2,,2.1
217,,+08:00,"nán'ào xiàn zi zhàn, Shantou (汕头南澳县子站)",6947,23.42,117.0219,-,,,,,,,80,14.3,99,1
218,2020-10-12 10:00:00,+08:00,"Jinjuzui, Foshan (佛山金桔咀)",7026,22.819722,113.261667,91,91,42,3.1,9.2,47.6,6.5,62.6,29.4,,3
219,2022-06-04 14:00:00,+08:00,"Shùndé sūgǎng, Foshan (佛山顺德苏岗)",7027,22.8054,113.292,50,50,13,2.1,2.3,,6.4,74,31,,7.7
220,2022-06-04 14:00:00,+08:00,"Ronggui street committee, Foshan (佛山容桂街道办)",7028,22.7629,113.257,55,55,16,2.6,1.4,,5.5,74,31,,7.7
221,2022-06-04 15:00:00,+08:00,"Dongpu, Heyuan (河源东埔)",7029,23.7586,114.6944,38,38,20,1.6,3.7,,6.4,68.6,32.2,99.3,3
222,2021-01-01 02:00:00,+08:00,"yuán xī, Heyuan (河源源西)",7030,23.7569,114.6778,70,70,28,5.6,9.2,,4.6,31.3,5.4,,3
223,2022-06-04 15:00:00,+08:00,"Old Town, Heyuan (河源老城)",7031,23.7233,114.6892,50,50,20,1.1,1.9,,5.5,68.6,32.2,99.3,3
224,,+08:00,"High-tech zone, Qingyuan (清远高新区)",7032,23.6272,113.0622,-,,,,,,,54,15,,1.5
225,2021-01-01 01:00:00,+08:00,"EPA building, Qingyuan (清远环保大楼)",7033,23.6936,113.0425,68,68,29,8.2,11,,7.3,20,7,,5.6
226,2022-06-04 14:00:00,+08:00,"guǎn chéng lí chuān, Dongguan (东莞莞城梨川)",7034,23.06,113.7480556,53,53,26,3.6,2.8,,6.4,74,31,,7.7
227,2022-06-04 14:00:00,+08:00,"dōngchéng zhǔ shān, Dongguan (东莞东城主山)",7035,23.05361111,113.7819444,50,50,30,3.1,2.8,,4.6,74,31,,7.7
228,2022-06-04 14:00:00,+08:00,"yú hú, Jieyang (揭阳渔湖)",7036,23.5292,116.4094,46,46,17,2.1,1,,3.7,66,33,,4.6
229,2022-06-04 14:00:00,+08:00,"xīnxīng, Jieyang (揭阳新兴)",7037,23.5353,116.3697,50,50,19,2.1,1,,4.6,66,33,,4.6
230,2022-06-04 14:00:00,+08:00,"dōngxìng, Jieyang (揭阳东兴)",7038,23.5739,116.3594,34,34,12,1.6,1,,4.6,66,33,,4.6
231,2022-06-04 14:00:00,+08:00,"xī mǎ, Jieyang (揭阳西马)",7039,23.5486,116.3242,38,38,10,2.6,1.4,,4.6,66,33,,4.6
232,2022-06-04 14:00:00,+08:00,"tǐyù xī, Guangzhou (广州体育西)",8318,23.1323,113.3208,59,59,26,2.6,3.7,,6.4,63,34,,4.6
233,2022-06-04 14:00:00,+08:00,"pānyú zhōngxué, Guangzhou (广州番禺中学)",9841,22.9477,113.352,50,50,26,5.1,1.9,,4.6,63,34,,5.1
234,2022-06-04 14:00:00,+08:00,"huādū shīfàn, Guangzhou (广州花都师范)",9842,23.3917,113.215,59,59,28,1.1,4.6,,5.5,63,34,,5.1
235,2022-06-04 14:00:00,+08:00,"jiǔlóng zhèn zhèn lóng, Guangzhou (广州九龙镇镇龙)",9843,23.2783,113.568,61,61,30,2.1,5.5,,4.6,63,34,,5.1
236,2022-06-04 14:00:00,+08:00,"guǎngyǎ zhōngxué, Guangzhou (广州广雅中学)",9844,23.1422,113.235,59,59,26,2.1,2.8,,5.5,63,34,,5.1
237,2022-06-04 14:00:00,+08:00,"City Monitoring Station, Guangzhou (广州市监测站)",9845,23.1331,113.26,53,53,30,2.6,2.3,,4.6,63,34,,5.1
238,2022-06-04 14:00:00,+08:00,"shì wǔ zhōng, Guangzhou (广州市五中)",9846,23.105,113.261,59,59,22,2.1,3.7,,5.5,63,34,,5.1
239,2022-06-04 14:00:00,+08:00,"guǎngdōng shāngxuéyuàn, Guangzhou (广州广东商学院)",9847,23.0916,113.348,50,50,21,2.1,2.8,,5.5,63,34,,5.1
240,2022-06-04 14:00:00,+08:00,"shì bāshí liù zhōng, Guangzhou (广州市八十六中)",9848,23.105,113.433,50,50,28,3.1,4.2,,4.6,63,34,,5.1
241,,+08:00,"chāojí zhàn, Jiangmen (江门超级站)",9849,22.7279,112.929,-,,,,,,,,28.8,,
242,2020-12-04 15:00:00,+08:00,"huìyángqū chéng xiūlù chuán hú, Huizhou (惠州惠阳区承修路船湖)",9850,22.8172,114.3244,80,80,51,4.1,6.4,30.1,6.5,56.7,18.8,,2.7
243,2020-11-20 09:00:00,+08:00,"hénán àn jīnshān hú, Huizhou (惠州河南岸金山湖)",9851,23.0528,114.4183,85,85,36,5.1,9.2,11.4,4.9,84.5,26.3,,0.7
244,2020-12-04 15:00:00,+08:00,"xià bù héng jiāng sān lù, Huizhou (惠州下埔横江三路)",9852,23.08,114.4053,80,80,45,4.1,6,32.9,5.8,42,19,,6.6
245,2020-12-04 15:00:00,+08:00,"jiāngběi yún shānxī lù, Huizhou (惠州江北云山西路)",9853,23.1142,114.4103,85,85,41,4.6,6.4,32.5,5.5,42,19,,6.6
246,2022-06-04 15:00:00,+08:00,"Fengcheng Subdistrict, Qingyuan (清远凤城街办)",9854,23.7106,113.0208,65,65,30,2.1,1.9,,6.4,63,34,,4.6
247,2022-06-04 15:00:00,+08:00,"Technician college, Qingyuan (清远技师学院)",9855,23.63444,113.0472,65,65,33,1.6,4.2,,4.6,63,34,,4.6
248,2022-06-04 14:00:00,+08:00,"City government, Chaozhou (潮州市政府)",9856,23.65889,116.6183,21,38,21,4.1,2.8,,6.4,66,33,,4.6
249,2021-01-01 01:00:00,+08:00,"xīnshì fǔ, Yunfu (云浮新市府)",9857,22.9169,112.0392,85,85,30,4.1,9.6,,4.6,41.2,8.9,,3
250,2022-06-04 14:00:00,+08:00,"mùyáng, Yunfu (云浮牧羊)",9858,22.9539,112.0539,57,57,21,3.1,5.5,,3.7,74.9,31.6,0.4,2
251,2022-06-04 15:00:00,+08:00,"Háojiāngzi, Shantou (汕头濠江子站)",3481,23.2775,116.7258,49,34,49,4.1,1.9,26.4,4.6,62,33,,3.6
252,2022-06-04 15:00:00,+08:00,"Jīnpíngzi, Shantou (汕头金平子站)",3482,23.3667,116.6794,26,17,19,3.6,1.4,26,3.7,62,33,,3.6
253,2022-06-04 15:00:00,+08:00,"Chaonanzi Station, Shantou (汕头潮南子站)",4692,23.2536,116.4019,59,59,23,3.1,1,25.6,3.7,62,33,,3.6
254,2022-06-04 15:00:00,+08:00,"Chénghǎizi, Shantou (汕头澄海子站)",3484,23.4714,116.7519,34,34,17,2.6,2.3,28.5,3.7,62,33,,3.6
255,2022-06-04 15:00:00,+08:00,"Cháoyángzi, Shantou (汕头潮阳子站)",3485,23.2539,116.6092,25,25,12,3.1,1,23.6,3.7,62,33,,3.6
256,2022-06-04 14:00:00,+08:00,"Lónghúzi, Shantou (汕头龙湖子站)",3486,23.3633,116.7244,25,25,17,3.1,1.9,21.6,3.7,62,33,,3.6
257,2022-06-04 15:00:00,+08:00,"Bìhú shānzhuāng, Shaoguan (韶关碧湖山庄)",3487,24.81119444,113.5593889,35,34,11,5.1,1.9,34.6,3.7,85.9,28.6,2.3,1
258,2022-06-04 15:00:00,+08:00,"No.8 middle school, Shaoguan (韶关市八中)",3488,24.769519,113.586606,42,42,15,4.6,3.7,33.8,3.7,85.9,28.6,2.3,1
259,2022-06-04 15:00:00,+08:00,"Forest area, Shaoguan (韶关园林处)",3489,24.795928,113.598061,26,21,10,5.1,4.6,26.4,8.2,85.9,28.6,2.3,1
260,2022-06-04 15:00:00,+08:00,"Qujiang Monitoring Station, Shaoguan (韶关曲江监测站)",3490,24.68636111,113.5970833,42,42,18,3.6,1.4,31.3,3.7,85.9,28.6,2.3,1
261,2022-06-04 15:00:00,+08:00,"Shaoguan University, Shaoguan (韶关韶关学院)",3491,24.77908333,113.6734722,26,25,14,5.6,2.8,26,3.7,85.9,28.6,2.3,1
262,,+08:00,"Environment protection office, Qingyuan (清远环保局)",3507,23.6936,113.0425,-,,,,,,,57.5,34.5,,0.5
263,2022-06-04 15:00:00,+08:00,"Fengcheng Subdistrict, Qingyuan (清远凤城街办)",3508,23.7106,113.0208,65,65,30,2.1,1.9,45.5,6.4,63,34,,4.6
264,,+08:00,"Fupin district, Qingyuan (清远扶贫区)",3509,23.6272,113.0622,-,,,,,,,57.5,34.5,,0.5
265,,+08:00,"City water company, Heyuan (河源市自来水厂)",3510,23.7569,114.6778,-,,,,,,,74.8,30.9,,
266,,+08:00,"Heyuan high school, Heyuan (河源河源中学)",3512,23.7233,114.6892,-,,,,,,,74.8,30.9,,
267,2022-06-04 13:00:00,+08:00,Shaoguan (韶关),1538,24.810403,113.597522,42,42,16,3.1,4.6,,5.5,84.8,28.1,2.1,4
268,2022-06-04 13:00:00,+08:00,Zhuhai (珠海),1540,22.270715,113.576726,59,59,20,3.6,2.8,,2.8,79,31,,7.7
269,2022-06-04 13:00:00,+08:00,Shantou (汕头),1541,23.353299,116.681838,25,25,13,4.1,1.9,,3.7,66,32,,3.6
270,2022-06-04 13:00:00,+08:00,Foshan (佛山),1542,23.021548,113.121416,53,53,25,3.6,1,46.3,4.6,66,33,,5.6
271,2022-06-04 13:00:00,+08:00,Zhanjiang (湛江),1543,21.270702,110.359387,38,38,20,4.1,1.9,,5.5,69.7,31.5,99.4,3
272,2022-06-04 13:00:00,+08:00,Zhongshan (中山),1544,22.516686,113.392795,50,50,19,1.1,1.9,,3.7,79,31,,7.7
273,2022-06-04 13:00:00,+08:00,Jiangmen (江门),1545,22.578738,113.081901,53,53,20,2.1,2.8,,3.7,79,31,,6.6
274,2022-06-04 13:00:00,+08:00,Zhaoqing (肇庆),1546,23.047192,112.465091,50,50,20,4.1,6.4,,6.4,66,33,,5.6
275,2022-06-04 13:00:00,+08:00,Dongguan (东莞),1547,23.020536,113.751765,50,50,24,3.1,2.8,,5.5,79,31,,7.7
276,2022-06-04 13:00:00,+08:00,Huizhou (惠州),1548,23.111847,114.416196,46,46,20,1.1,2.3,,4.6,79,31,,7.7
277,2020-02-09 13:00:00,+08:00,Shunde (顺德),1549,22.80524,113.293359,-,42,10,3.1,2.8,,5.5,71,15.2,0,2.1
278,2022-06-04 13:00:00,+08:00,Heyuan (河源),3513,23.743538,114.700447,53,53,22,1.1,3.7,26,6.4,78.7,29.5,99.9,2
279,2021-01-01 01:00:00,+08:00,Qingyuan (清远),3514,23.681764,113.056031,68,68,29,8.2,11,,7.3,20,7,,5.6
280,2022-06-04 13:00:00,+08:00,Chaozhou (潮州),4338,23.65695,116.622604,42,42,10,3.6,3.2,,5.5,66,32,,3.6
281,2022-06-04 12:00:00,+08:00,Jieyang (揭阳),4339,23.549993,116.372831,53,53,20,2.1,1,30.5,5.5,84,31,,3.6
282,2022-06-04 13:00:00,+08:00,Maoming (茂名),4340,21.662999,110.925456,34,34,18,3.1,1.9,,5.5,69.6,30.8,0.2,4
283,2022-06-04 13:00:00,+08:00,Meizhou (梅州),4341,24.288615,116.122239,42,42,20,2.6,2.3,,3.7,66,32,,3.6
284,2022-06-04 13:00:00,+08:00,Shanwei (汕尾),4342,22.786211,115.375279,42,42,30,3.1,1,,3.7,80.5,29.3,0.4,4
285,2022-06-04 13:00:00,+08:00,Yangjiang (阳江),4343,21.857958,111.982232,46,46,31,1.1,0.5,,4.6,78.7,29.9,0.2,4
286,2021-01-01 01:00:00,+08:00,Yunfu (云浮),4344,22.915094,112.044491,95,95,61,6.1,28.8,,8.2,41.2,8.9,99.1,3
287,2022-06-04 13:00:00,+08:00,Guangzhou US Consulate (美国领事馆 - 广州 中国),3305,23.141191,113.258374,42,42,27,2.6,3.7,36.2,5.9,66,33,,5.6
288,,+08:00,"US consulate, Chengdu (US consulate)",3306,30.6250145,104.0670559,-,,,,,,,73,24,,2.5
289,2022-06-04 15:00:00,+08:00,"Jinquan lianghe, Chengdu (成都金泉两河)",1360,30.72358333,103.97275,59,59,22,1.1,2.8,35.4,3.7,73,24,,2.5
290,2022-06-04 15:00:00,+08:00,"Shilidian, Chengdu (成都十里店)",1361,30.6872,104.176,42,42,20,1.6,8.3,28.5,4.6,73,24,,2.5
291,2022-06-04 15:00:00,+08:00,"Sanwayao, Chengdu (成都三瓦窑)",1362,30.5706,104.079,57,57,23,1.1,6,34.2,3.7,73,24,,2.5
292,2022-06-04 15:00:00,+08:00,"Shahepu, Chengdu (成都沙河铺)",1363,30.63,104.1113889,30,30,22,0.6,11.5,26.4,4.6,73,24,,2.5
293,,+08:00,"Liang Lane, Chengdu (成都梁家巷)",1364,30.685,104.074,-,,,,,,,61,28,,0.5
294,2021-02-28 15:00:00,+08:00,"Caotang Temple, Chengdu (成都草堂寺)",1365,30.6544,104.026,53,53,23,3.1,8.7,17.5,8.4,76,11,,3.6
295,2021-02-28 15:00:00,+08:00,"People's Park, Chengdu (成都人民公园)",1366,30.6578,104.054,38,38,16,2.6,10.6,20.4,5,76,11,,3.6
296,2022-05-01 16:00:00,+08:00,"Lingyansi, Chengdu (成都灵岩寺)",1367,31.0283,103.613,53,53,15,4.1,2.3,37.8,2.8,30,21,,1.5
297,2022-06-04 14:00:00,+08:00,"Fuleshan, Mianyang (绵阳富乐山)",3598,31.4747,104.7778,63,63,14,2.6,7.4,34.2,3.7,49,25.4,99.8,2
298,2022-06-04 14:00:00,+08:00,"Municipal People's Congress, Mianyang (绵阳市人大)",3599,31.4539,104.7536,55,55,25,4.1,12.4,28.9,4.6,49,25.4,99.8,2
299,2022-06-04 14:00:00,+08:00,"High-tech Zone Water Company, Mianyang (绵阳高新区自来水公司)",3600,31.4656,104.6717,57,57,26,3.1,8.7,30.5,6.4,49,25.4,99.8,2
300,2022-06-04 14:00:00,+08:00,"No.3 water company, Mianyang (绵阳三水厂)",3601,31.5072,104.7283,61,61,30,2.6,8.3,28.5,5.5,49,25.4,99.8,2
301,2022-06-04 14:00:00,+08:00,"Dongshan Park, Deyang (德阳东山公园)",3602,31.1208,104.4219,34,34,24,2.6,7.8,20.4,3.7,83,24,,2.5
302,2022-06-04 14:00:00,+08:00,"Xixiaoqu, Deyang (德阳西小区)",3603,31.1333,104.3883,37,25,37,3.6,11.5,26,5.5,83,24,,2.5
303,2021-01-01 01:00:00,+08:00,"City Procuratorate, Deyang (德阳市检察院)",3604,31.1167,104.4053,147,147,59,1.6,26.6,1.7,5.5,86,2,,0.5
304,2022-06-04 14:00:00,+08:00,"Refractory Factory, Deyang (德阳耐火材料厂)",3605,31.1108,104.3539,28,21,16,3.1,10.6,27.7,3.7,83,24,,2.5
305,2022-06-04 14:00:00,+08:00,"Nongnongping, Panzhihua (攀枝花弄弄坪)",3606,26.57098,101.68912,41,21,10,3.1,1.9,41.1,4.6,51.1,25,99.1,3
306,2022-06-04 14:00:00,+08:00,"Hemenkou, Panzhihua (攀枝花河门口)",3607,26.5928,101.5769,43,25,13,7.1,5.5,42.7,8.2,51.1,25,99.1,3
307,2022-06-04 14:00:00,+08:00,"Bingcaogang, Panzhihua (攀枝花炳草岗)",3608,26.585,101.7169,46,38,13,9.7,3.2,45.5,5.5,51.1,25,99.1,3
308,2022-06-04 14:00:00,+08:00,"Renhe, Panzhihua (攀枝花仁和)",3609,26.5017,101.7453,38,17,4,2.6,4.6,37.8,3.7,51.1,25,99.1,3
309,,+08:00,"Jinjina, Panzhihua (攀枝花金江)",3610,26.5569,101.8472,-,,,,,,,,,,
310,2022-05-01 16:00:00,+08:00,"Shima Middle School, Yibin (宜宾石马中学)",3611,28.8194,104.5969,40,25,10,2.6,2.8,39.8,3.7,71.1,15.2,0.6,3
311,2022-06-04 14:00:00,+08:00,"Municipal party committee, Yibin (宜宾市委)",3612,28.76611,104.6225,28,17,5,3.1,4.2,28.1,4.6,100,20.1,0.7,7
312,2022-06-04 14:00:00,+08:00,"No. 4 middle school, Yibin (宜宾宜宾四中)",3613,28.7867,104.6061,29,21,8,2.6,3.7,29.3,3.7,100,20.1,0.7,7
313,2022-06-04 14:00:00,+08:00,"City government, Yibin (宜宾市政府)",3614,28.76389,104.6417,29,17,7,2.6,4.2,28.9,5.5,100,20.1,0.7,7
314,2022-06-04 14:00:00,+08:00,"Huangjinzui, Yibin (宜宾黄金嘴)",3615,28.71583,104.5761,31,17,6,3.1,1.4,30.5,4.6,100,20.1,0.7,7
315,2020-06-27 19:00:00,+08:00,"Shaping Middle School, Yibin (宜宾沙坪中学)",3616,28.7989,104.6789,76,17,7,75.6,7.4,44.3,3.7,70.2,27,0.2,1
316,2021-01-01 01:00:00,+08:00,"Datang Hill, Zigong (自贡大塘山)",3617,29.3628,104.7547,178,178,112,3.1,26.6,2.1,8.2,79.9,5.4,99.1,1
317,,+08:00,"Yanma Road, Zigong (自贡盐马路)",3618,29.3586,104.7214,-,,,,,,,94.7,8.4,0.1,1
318,,+08:00,"Tanmulin Street, Zigong (自贡檀木林街)",3619,29.3564,104.7747,-,,,,,,,94.7,8.4,0.1,1
319,2021-01-01 01:00:00,+08:00,"Chunhua Road, Zigong (自贡春华路)",3620,29.3411,104.7692,161,161,80,3.6,27.5,2.9,6.4,79.9,5.4,99.1,1
320,2022-05-01 16:00:00,+08:00,"Jiushi Hill, Luzhou (泸州九狮山)",3621,28.9583,105.4306,53,53,18,3.1,6.9,28.9,2.8,98.7,12.5,1.6,3
321,2022-06-04 14:00:00,+08:00,"Xiaoshishang Port, Luzhou (泸州小市上码头)",3622,28.9026,105.4436,63,63,35,3.1,3.7,18.7,4.6,93.1,25,99.1,2
322,2022-06-04 14:00:00,+08:00,"Lantianxian Bridge, Luzhou (泸州兰田宪桥)",3623,28.8558,105.4322,57,57,37,15.8,3.7,16.7,4.6,93.1,25,99.1,2
323,2022-06-04 14:00:00,+08:00,"City Environment Monitoring Station, Luzhou (泸州市环监站)",3624,28.8833,105.4322,57,57,15,2.1,4.2,19.1,2.8,93.1,25,99.1,2
324,2022-05-01 16:00:00,+08:00,"Xīshān scenic area, Nanchong (南充西山风景区)",3625,30.8064,106.056,55,55,28,2.1,6.4,35.8,2.8,57,19,0.2,2
325,2022-06-04 14:00:00,+08:00,"City Committee, Nanchong (南充南充市委)",3626,30.8023,106.0789,37,34,24,2.1,1.9,36.6,3.7,61.8,26.3,0.3,4
326,2022-06-04 14:00:00,+08:00,"Refinery Factory, Nanchong (南充南充炼油厂)",3627,30.8217,106.1031,34,9,13,1.1,4.2,34.2,2.8,61.8,26.3,0.3,4
327,2022-06-04 14:00:00,+08:00,"Gaoping District Monitoring Station, Nanchong (南充高坪区监测站)",3628,30.7856,106.1064,30,25,15,1.6,2.8,30.1,2.8,61.8,26.3,0.3,4
328,2022-06-04 14:00:00,+08:00,"Jialing District EPB, Nanchong (南充嘉陵区环保局)",3629,30.7636,106.0642,31,21,18,2.1,1.9,30.9,2.8,61.8,26.3,0.3,4
329,2022-06-04 14:00:00,+08:00,"City Environmental Monitoring Station, Nanchong (南充市环境监测站)",3630,30.8388,106.1087,34,34,18,2.1,2.3,33.3,2.8,61.8,26.3,0.3,4
330,2022-06-04 14:00:00,+08:00,"City Monitoring Station, Neijiang (内江市监测站)",5690,29.5953,105.0331,26,21,9,3.6,5.5,26.4,4.6,81.1,22.6,99.4,3
331,2022-06-04 14:00:00,+08:00,"Dongxing District Government , Neijiang (内江东兴区政府)",5691,29.5947,105.0717,29,25,7,4.1,4.6,28.5,4.6,81.1,22.6,99.4,3
332,2022-06-04 14:00:00,+08:00,"No 2 middle school, Neijiang (内江内江二中)",5692,29.5817,105.0653,30,30,10,4.6,6.9,29.3,3.7,81.1,22.6,99.4,3
333,2022-06-04 14:00:00,+08:00,"nèijiāng rìbào shè, Neijiang (内江内江日报社)",5693,29.5822,105.0406,29,17,10,4.6,5.5,29.3,2.8,81.1,22.6,99.4,3
334,2022-05-01 16:00:00,+08:00,"shíxīhào, Suining (遂宁石溪浩)",5694,30.5797,105.7519,42,34,22,3.6,1.4,41.5,5.5,57,19,0.2,2
335,2022-06-04 14:00:00,+08:00,"City Monitoring Station, Suining (遂宁市监测站)",5695,30.6133,105.68,34,34,22,3.6,1.9,32.5,2.8,61.8,26.3,0.3,4
336,2022-06-04 14:00:00,+08:00,"Administrative center , Suining (遂宁行政中心)",5696,30.6347,105.8161,34,21,20,3.1,1.9,33.8,1,61.8,26.3,0.3,4
337,2022-06-04 14:00:00,+08:00,"měi níng shípǐn gōngsī, Suining (遂宁美宁食品公司)",5697,30.475,105.5956,32,30,18,3.1,3.7,32.1,1.9,61.8,26.3,0.3,4
338,2022-06-04 14:00:00,+08:00,"niú'ěr qiáo, Leshan (乐山牛耳桥)",5698,29.5844,103.7627,26,25,9,1.1,5.5,26.4,2.8,100,8.4,0.7,5
339,2022-06-04 14:00:00,+08:00,"shì dì sān shuǐ chǎng, Leshan (乐山市第三水厂)",5699,29.6007,103.7506,32,17,10,2.6,6.9,31.7,6.4,100,8.4,0.7,5
340,2022-06-04 14:00:00,+08:00,"City Monitoring Station, Leshan (乐山市监测站)",5700,29.5634,103.757,28,21,9,2.6,3.2,27.7,3.7,100,8.4,0.7,5
341,2022-05-01 16:00:00,+08:00,"Leshan Giant Buddha Scenic Area , Leshan (乐山乐山大佛景区)",5701,29.5467,103.7705,46,46,17,8.2,3.2,40.3,1.9,94.1,-5.9,1.8,2
342,2022-05-01 16:00:00,+08:00,"Heilongtan , Meishan (眉山黑龙滩)",5702,30.0506,103.8986,43,38,8,2.6,1.9,43.1,3.7,30,21,,1.5
343,2022-06-04 14:00:00,+08:00,"Bureau of Meteorology, Meishan (眉山气象局)",5703,30.0874,103.8416,35,61,6,4.1,5.1,35,4.6,83,24,,2.5
344,2022-05-01 16:00:00,+08:00,"Xuguang Community , Meishan (眉山旭光小区)",5704,30.0691,103.8495,43,17,7,4.1,6,42.7,4.6,30,21,,1.5
345,2022-05-01 16:00:00,+08:00,"City Monitoring Station, Meishan (眉山市监测站)",5705,30.062,103.8341,55,55,13,4.1,6.4,39,4.6,30,21,,1.5
346,2022-05-01 16:00:00,+08:00,"liánhuā shān, Ziyang (资阳莲花山)",5706,30.1366,104.6617,44,21,10,2.6,2.3,44.3,3.7,30,21,,1.5
347,2022-06-04 14:00:00,+08:00,"Ziyang middle school, Ziyang (资阳资阳中学)",5707,30.1506,104.6356,35,30,12,2.6,2.8,34.6,3.7,83,24,,2.5
348,2022-06-04 14:00:00,+08:00,"sìsānyī chǎng, Ziyang (资阳四三一厂)",5708,30.1377,104.6289,34,21,13,3.1,4.2,34.2,3.7,83,24,,2.5
349,2022-06-04 14:00:00,+08:00,"shīfàn xiào, Ziyang (资阳师范校)",5709,30.1142,104.6469,33,30,12,3.1,6.4,32.5,3.7,83,24,,2.5
350,2022-06-04 14:00:00,+08:00,"qū fǎyuàn, Ziyang (资阳区法院)",5710,30.1259,104.6294,37,30,9,2.6,3.7,36.6,3.7,83,24,,2.5
351,2022-04-03 19:00:00,+08:00,"Xiaoping's former residence , Guangan (广安小平旧居)",7001,30.518,106.631,65,65,37,2.6,9.2,39,2.8,52,19,,4.6
352,2022-06-04 14:00:00,+08:00,"Municipal party committee, Guangan (广安市委)",7002,30.4576,106.6303,29,13,16,3.6,1.4,28.5,3.7,83,27,,4.6
353,2022-06-04 14:00:00,+08:00,"yǒuyì zhōngxué, Guangan (广安友谊中学)",7003,30.4663,106.6271,31,13,18,2.6,3.2,30.5,2.8,83,27,,4.6
354,,+08:00,"Réngōng lake, Guangan (广安人工湖)",7004,30.4844,106.6406,-,,,,,,,,,,1.5
355,2022-06-04 14:00:00,+08:00,"guǎngdiàn huāyuán, Guangan (广安广电花园)",7005,30.4551,106.6388,34,34,20,2.6,4.2,26.9,3.7,83,27,,4.6
356,2020-01-08 10:00:00,+08:00,"Daxing 526, Yaan (雅安大兴526台)",7006,30.0125,103.009,-,169,74,5.6,9.6,2.1,10.9,78.1,8.4,99.5,
357,2022-06-04 14:00:00,+08:00,"Jianan plant, Yaan (雅安建安厂)",7007,29.9899,103.0013,37,21,5,4.6,3.2,37,3.7,95.1,19.5,2.4,1
358,2022-06-04 14:00:00,+08:00,"City government, Yaan (雅安市政府)",7008,29.9834,103.0109,62,25,8,4.6,5.5,61.7,4.6,95.1,19.5,2.4,1
359,2022-06-04 14:00:00,+08:00,"Sichuan Agricultural University, Yaan (雅安川农大)",7009,29.9816,103.0001,33,13,4,5.1,2.8,32.5,2.8,95.1,19.5,2.4,1
360,2022-05-01 16:00:00,+08:00,"Dazhou Technical College, Dazhou (达州达州职业技术学院)",7010,31.2797,107.5272,53,53,32,3.6,16,34.2,5.5,56.9,20,0.1,2
361,2022-06-04 14:00:00,+08:00,"City Environmental Monitoring Station, Dazhou (达州市环境监测站)",7011,31.215,107.525,55,55,16,9.2,9.6,26.4,5.5,72.2,28.5,0.7,1
362,2022-06-04 14:00:00,+08:00,"fènghuáng district, Dazhou (达州凤凰小区)",7012,31.2108,107.4967,30,30,20,20.8,7.4,28.5,3.7,72.2,28.5,0.7,1
363,2022-06-04 14:00:00,+08:00,"dáxiàn jīguān hotel, Dazhou (达州达县机关宾馆)",7013,31.1956,107.5069,50,50,13,25.4,5.1,28.5,4.6,72.2,28.5,0.7,1
364,2022-06-04 14:00:00,+08:00,"Civic Center, Dazhou (达州市政中心)",7014,31.2058,107.4611,38,38,14,2.6,8.3,26.9,4.6,72.2,28.5,0.7,1
365,2021-01-01 01:00:00,+08:00,Zigong (自贡),1556,29.33903,104.778442,178,178,112,3.6,27.5,2.9,8.2,79.9,5.4,99.1,1
366,2022-06-04 13:00:00,+08:00,Panzhihua (攀枝花),1557,26.582347,101.718637,47,46,24,12.2,8.3,47.2,12.7,51.1,25,99.1,3
367,2022-06-04 13:00:00,+08:00,Luzhou (泸州),1558,28.87182,105.442347,82,82,51,17.8,6,15.5,4.6,93.1,25,99.1,2
368,2022-06-04 13:00:00,+08:00,Deyang (德阳),1559,31.126856,104.398021,42,42,36,3.6,14.7,30.1,5.5,88,23,,3.6
369,2022-06-04 13:00:00,+08:00,Mianyang (绵阳),1560,31.46745,104.679114,57,57,35,4.1,10.6,32.5,5.5,49,25.4,99.8,2
370,2022-06-04 13:00:00,+08:00,Nanchong (南充),1561,30.837793,106.110698,50,50,28,2.1,4.6,37.4,2.8,61.8,26.3,0.3,4
371,2022-06-04 13:00:00,+08:00,Yibin (宜宾),1562,28.751812,104.643382,28,21,7,3.1,5.1,28.1,5.5,100,20.1,0.7,7
372,2022-06-04 13:00:00,+08:00,Suining (遂宁),5711,30.532847,105.592898,38,38,27,4.1,3.2,30.9,3.7,61.8,26.3,0.3,4
373,2022-06-04 13:00:00,+08:00,Neijiang (内江),5712,29.580229,105.058433,30,30,16,4.6,7.8,28.9,4.6,81.1,22.6,99.4,3
374,2022-06-04 13:00:00,+08:00,Leshan (乐山),5713,29.552106,103.765568,31,30,11,2.6,6.4,30.5,5.5,100,8.4,0.7,5
375,2022-06-04 13:00:00,+08:00,Meishan (眉山),5714,30.07544,103.848538,33,61,7,4.1,5.1,32.9,4.6,88,23,,3.6
376,2022-06-04 13:00:00,+08:00,Ziyang (资阳),5715,30.128901,104.627636,38,38,13,3.1,5.1,36.2,3.7,88,23,,3.6
377,,+08:00,"Jiuzhaigou, Ngawa Zong (阿坝九寨沟)",8535,,,-,,,,,,,,,,
378,,+08:00,"Hailuogou, Garzê Zong (甘孜海螺沟)",8536,,,-,,,,,,,,,,
379,2022-05-01 16:00:00,+08:00,"Heishipo, Guangyuan (广元黑石坡)",7043,32.4535,105.8945,55,30,25,3.6,2.8,55.2,3.7,56.2,18.7,99.2,1
380,2022-06-04 14:00:00,+08:00,"Old Town, Guangyuan (广元老城)",7044,32.4429,105.8242,35,21,10,2.1,2.3,34.6,5.5,58.1,24.9,0.7,1
381,2021-01-01 02:00:00,+08:00,"Nanba, Guangyuan (广元南坝)",7045,32.4246,105.8153,139,139,60,0.6,23.8,4.1,5.5,66.9,6.1,,1
382,2022-06-04 14:00:00,+08:00,"Monitoring station, Guangyuan (广元监测站)",7046,32.4285,105.8624,35,21,13,3.1,1.9,35,4.6,58.1,24.9,0.7,1
383,2021-01-01 01:00:00,+08:00,"má yí guān, Meishan (眉山蟆颐观)",7976,30.0506,103.8986,127,127,50,4.6,14.2,10.6,5.5,80,3,,0.5
384,,+08:00,"nán kān gōngyuán, Bazhong (巴中南龛公园)",7047,31.8475,106.7583,-,,,,,,,,12.2,,
385,2022-05-01 16:00:00,+08:00,"City EPA, Bazhong (巴中市环保局)",7048,31.8711,106.7389,46,25,20,2.6,3.7,46.3,2.8,56.2,18.7,99.2,1
386,2022-05-01 16:00:00,+08:00,"High School, Bazhong (巴中巴中中学)",7049,31.8531,106.7594,45,25,16,2.1,4.2,45.1,2.8,56.2,18.7,99.2,1
387,,+08:00,"Shiliu middle school, Bazhong (巴中市六中)",7050,31.8456,106.7608,-,,,,,,,,12.2,,
388,2022-05-01 16:00:00,+08:00,"State Institute of Agricultural Science, Ngawa Zong (阿坝州州农科所)",7550,31.9286,102.1755,38,25,6,7.1,2.3,38.2,4.6,57.2,8.6,99.4,2
389,2022-05-01 16:00:00,+08:00,"State Stations, Ngawa Zong (阿坝州州监测站)",7551,31.9025,102.2218,67,46,67,6.1,9.6,35,5.5,57.2,8.6,99.4,2
390,2022-05-01 16:00:00,+08:00,"Mashi primary school, Ngawa Zong (阿坝州马师校)",7552,31.8934,102.2402,41,21,18,5.6,2.3,41.1,6.4,57.2,8.6,99.4,2
391,2022-05-01 16:00:00,+08:00,"jiāngjūn qiáo, Garzê Zong (甘孜将军桥)",7054,30.0506,101.9628,35,13,4,4.1,2.8,35.4,1,91,0.4,0.9,2
392,2022-05-01 16:00:00,+08:00,"shuǐ qiáo zi, Garzê Zong (甘孜水桥子)",7055,30.0475,101.9603,35,21,9,4.1,1.4,35,1.9,91,0.4,0.9,2
393,2022-05-01 16:00:00,+08:00,"qīnglóng sì, Liangshan (凉山青龙寺)",7056,27.8094,102.3419,35,25,3,4.1,4.2,35.4,3.7,57.2,13.3,99.7,1
394,2022-05-01 16:00:00,+08:00,"Qionghai Hotel, Liangshan (凉山邛海宾馆)",7057,27.8408,102.2714,34,30,12,4.1,6.9,33.8,5.5,57.2,13.3,99.7,1
395,2022-05-01 16:00:00,+08:00,"Xichang City Hall, Liangshan (凉山西昌市政府)",7058,27.8847,102.2689,38,17,10,5.6,3.2,37.8,5.5,57.2,13.3,99.7,1
396,2022-05-01 16:00:00,+08:00,"Liangshan Prefecture Government, Liangshan (凉山凉山州政府)",7059,27.8978,102.2625,37,17,12,5.6,3.2,36.6,6.4,57.2,13.3,99.7,1
397,2022-05-01 16:00:00,+08:00,"cháng'ān, Liangshan (凉山长安)",7060,27.8953,102.2311,38,25,8,5.1,3.2,38.2,5.5,57.2,13.3,99.7,1
398,2022-06-04 14:00:00,+08:00,"sishi middle school, Panzhihua (攀枝花四十中小)",7977,26.567,101.7227,45,42,20,3.6,3.7,45.1,5.5,51.1,25,99.1,3
399,2022-06-04 15:00:00,+08:00,"Junping Street, Chengdu (成都君平街)",7979,30.6578,104.054,70,70,26,2.1,8.3,41.9,5.5,73,24,,2.5
400,2022-06-04 15:00:00,+08:00,"Dàshí xī lù, Chengdu (成都大石西路)",8319,30.65638889,104.0238889,59,59,31,0.6,6.4,37.4,4.6,73,24,,2.5
401,2022-06-04 14:00:00,+08:00,"běichén xiǎoxué, Guangan (广安北辰小学)",8757,30.4865,106.6351,29,9,7,3.1,2.3,28.5,3.7,83,27,,4.6
402,2022-05-01 16:00:00,+08:00,"Su Ping Shan, Bazhong (巴中苏山坪)",8934,31.87888889,106.7513889,44,30,19,1.1,3.2,43.5,1,56.2,18.7,99.2,1
403,2021-01-01 01:00:00,+08:00,"Vocational high school, Bazhong (巴中职业中学)",8935,31.85805556,106.7619444,155,155,74,2.1,17,1.3,8.2,66.9,6.1,,1
404,2021-01-01 01:00:00,+08:00,"花湖湾, Leshan (乐山花湖湾)",9876,29.5467,103.7705,155,155,66,4.1,16.5,2.1,5.5,90.1,-11.2,99,2
405,2022-06-04 14:00:00,+08:00,"青杠林路, Zigong (自贡青杠林路)",9877,29.33972,104.7228,26,13,15,2.6,2.3,26,3.7,81.1,22.6,99.4,3
406,2022-06-04 14:00:00,+08:00,"檀木林体育馆, Zigong (自贡檀木林体育馆)",9878,29.36028,104.7778,24,21,12,2.6,6.9,24,4.6,81.1,22.6,99.4,3
407,,+08:00,"州环保局, Garzê Zong (甘孜州环保局)",9879,,,-,,,,,,,,,,
408,2022-06-04 15:00:00,+08:00,"龙泉驿区区政府, Chengdu (成都龙泉驿区区政府)",9880,30.5589,104.2725,36,9,4,3.1,3.2,35.8,3.7,73,24,,2.5
409,2022-06-04 14:00:00,+08:00,"City committee communist party school, Meishan (眉山市委党校)",9881,30.0744,103.8578,35,9,6,2.6,6,35,5.5,83,24,,2.5
410,2022-06-04 14:00:00,+08:00,"区人社局, Meishan (眉山区人社局)",9882,30.0561,103.8286,27,21,14,2.1,6.9,27.3,3.7,83,24,,2.5
411,2022-06-04 14:00:00,+08:00,"丽阳花园, Bazhong (巴中丽阳花园)",10952,31.8542,106.7658,35,9,3,1.1,2.8,35.4,2.8,58.1,24.9,0.7,1
412,2022-06-04 14:00:00,+08:00,"圣泉水务公司, Bazhong (巴中圣泉水务公司)",10953,31.8653,106.7417,37,13,4,2.1,3.7,37.4,3.7,58.1,24.9,0.7,1
413,2020-09-06 15:00:00,+08:00,"State Institute of Agricultural Science, Ngawa Zong (阿坝州农科所)",7051,31.9286,102.1755,68,68,22,4.1,2.8,31.7,2.8,38,23.1,99.1,1
414,2020-09-06 15:00:00,+08:00,"State Stations, Ngawa Zong (阿坝州监测站)",7052,31.9025,102.2218,29,25,20,5.1,2.8,28.9,2.8,38,23.1,99.1,1
415,2020-09-06 15:00:00,+08:00,"Mashi primary school, Ngawa Zong (阿坝马师校)",7053,31.8934,102.2402,59,59,18,3.6,5.5,30.9,2.8,38,23.1,99.1,1
416,,+08:00,"Renshou County Land Bureau, Meishan (眉山仁寿县国土局)",8936,29.9864,104.1454,-,,,,,,,,,,1.5
417,,+08:00,"Hongya County Environmental Protection Agency, Meishan (眉山洪雅县环保局)",8937,29.9052777,103.366944,-,,,,,,,,,,1.5
418,,+08:00,"Danleng EPA, Meishan (眉山丹棱县环保局)",8938,30.0233333,103.515555,-,,,,,,,,,,1.5
419,,+08:00,"Zigong rescue shelter, Zigong (自贡自贡救助站)",8939,29.322942,104.799753,-,,,,,,,,,,
420,2020-03-05 23:00:00,+08:00,"Panzhihua Central Hospital, Panzhihua (攀枝花攀枝花中心医院)",8940,26.547046,101.714061,95,95,41,5.1,6,30.9,21,24,20,99.6,2
421,,+08:00,"Luzhou Medical College North Campus, Luzhou (泸州泸州医学院城北校区)",8941,28.909179,105.421739,-,,,,,,,,,,
422,,+08:00,"Deyang City Board of Education, Deyang (德阳德阳市教育局)",8942,31.129213,104.411064,-,,,,,,,,,,1.5
423,,+08:00,"mianyang boya primary school, Mianyang (绵阳绵阳博雅小学)",8943,31.48514,104.705811,-,,,,,,,,,,
424,,+08:00,"Nanchang No1 middle school, Nanchong (南充南充市一中)",8944,30.82124,106.081412,-,,,,,,,,,,
425,,+08:00,"Yibin providers vocational school, Yibin (宜宾宜宾商职校)",8945,28.74639,104.624819,-,,,,,,,,,,
426,,+08:00,"Fushun County Administration Center, Zigong (自贡富顺县行政中心)",8946,29.1822222,104.974722,-,,,,,,,,,,
427,,+08:00,"Miyi County Government, Panzhihua (攀枝花米易县政府)",8947,26.8927777,102.108888,-,,,,,,,,,,
428,,+08:00,"Luding County Environmental Protection Agency, Luzhou (泸州泸县环保局)",8948,29.1544083,105.374919,-,,,,,,,,,,
429,2022-06-04 14:00:00,+08:00,"Naxi District Environmental Protection Agency, Luzhou (泸州纳溪区环保局)",8949,28.7703944,105.361691,22,21,6,1.6,3.2,22.4,3.7,93.1,25,99.1,2
430,,+08:00,"Xuyong County Chinese Medicine Hospital, Luzhou (泸州叙永县中医医院)",8950,28.1644444,105.433055,-,,,,,,,,,,
431,,+08:00,"Pingwu County Environmental Protection Agency, Mianyang (绵阳平武县环保局)",8951,32.4127777,104.552777,-,,,,,,,,,,
432,,+08:00,"Beichuan County Stations, Mianyang (绵阳北川县监测站)",8952,31.6425,104.418888,-,,,,,,,,,,
433,,+08:00,"Yanting County Environmental Protection Agency, Mianyang (绵阳盐亭县环保局)",8953,31.2091666,105.384444,-,,,,,,,,,,
434,,+08:00,"Santai County government center, Mianyang (绵阳三台县政务中心)",8954,31.1938888,105.159166,-,,,,,,,,,,
435,,+08:00,"Weiyuan County Environmental Protection Agency, Neijiang (内江威远县环保局)",8955,29.5366666,104.660277,-,,,,,,,,,,
436,,+08:00,"Longchang County IRS, Neijiang (内江隆昌县国税局)",8956,29.3438888,105.299166,-,,,,,,,,,,
437,,+08:00,"Shawan District Environmental Protection Bureau, Leshan (乐山沙湾区环保局)",8957,29.4213888,103.551388,-,,,,,,,,,,
438,,+08:00,"Qianwei County Government, Leshan (乐山犍为县政府)",8958,29.2122222,103.946944,-,,,,,,,,,,
439,,+08:00,"Muchuan County Environmental Protection Agency, Leshan (乐山沐川县环保局)",8959,28.9566666,103.903611,-,,,,,,,,,,
440,,+08:00,"Nanbu County Environmental Protection Agency, Nanchong (南充南部县环保局)",8960,31.3531388,106.033,-,,,,,,,,12.2,,
441,,+08:00,"EPA Peng'an, Nanchong (南充蓬安县环保局)",8961,31.0274444,106.417277,-,,,,,,,,12.2,,
442,,+08:00,"Yilong EPA, Nanchong (南充仪陇县环保局)",8962,31.2727444,106.296958,-,,,,,,,,12.2,,
443,,+08:00,"Dazhu County Environmental Protection Agency, Dazhou (达州大竹县环保局)",8963,30.7358333,107.1975,-,,,,,,,,,,
444,,+08:00,"Baoxing County Environmental Protection Agency, Yaan (雅安宝兴县环保局)",8964,30.3838888,102.812222,-,,,,,,,,,,
445,,+08:00,"hàn yuán xiàn fù táng cūnzi zhàn, Yaan (雅安汉源县富塘村子站)",8965,29.365,102.622222,-,,,,,,,,,,
446,,+08:00,"Shimian County Administrative Center, Yaan (雅安石棉县政务中心)",8966,29.2305555,102.357222,-,,,,,,,,,,
447,,+08:00,"Songpan County North sub-station, Ngawa Zong (阿坝松潘县城北子站)",8967,32.6597222,103.602777,-,,,,,,,,,,
448,,+08:00,"Xinlong County, Garzê Zong (甘孜新龙县政府)",8968,30.9413888,100.31,-,,,,,,,,,,
449,,+08:00,"得荣县公安局, Garzê Zong (甘孜得荣县公安局)",9883,28.7144444,99.2875,-,,,,,,,,,,
450,,+08:00,"Ganluo Hotel, Liangshan (凉山甘洛宾馆)",8969,28.9622222,102.769722,-,,,,,,,,,,
451,,+08:00,"Jiangxian Chengguan Middle School, Luzhou (泸州合江县城关中学)",8970,28.8095305,105.827416,-,,,,,,,,,,
452,,+08:00,"Gulin County Construction Bureau, Luzhou (泸州古蔺县建设局)",8971,28.0439611,105.808261,-,,,,,,,,,,
453,,+08:00,"Center No.3 , Deyang (德阳三中心)",8972,31.1158333,104.192777,-,,,,,,,,,,1.5
454,,+08:00,"Monitoring station, Mianyang (绵阳监测站)",8973,31.7805555,104.762777,-,,,,,,,93.9,5.2,99,1
455,,+08:00,"Chengbei district, Mianyang (绵阳城北新区)",8974,31.6308333,105.176111,-,,,,,,,,,,
456,,+08:00,"xiū chéng bà diǎn, Guangyuan (广元修城坝点)",8975,32.2930555,105.521944,-,,,,,,,,,,
457,,+08:00,"Dazhong Bazi station, Guangyuan (广元大中坝子站)",8976,32.6502777,105.88,-,,,,,,,,,,
458,,+08:00,"suizhong experimental primary school, Suining (遂宁遂中实验校)",8977,30.5188888,105.612222,-,,,,,,,,,,
459,,+08:00,"Environmental Monitoring Station, Leshan (乐山环境监测站)",8978,29.6183333,103.499722,-,,,,,,,,,,
460,,+08:00,"Jiajiang County Environmental Monitoring Station, Leshan (乐山夹江县环境监测站)",8979,29.7366666,103.57,-,,,,,,,,,,
461,,+08:00,"pútí shān, Leshan (乐山菩提山)",8980,29.4086111,103.822777,-,,,,,,,,,,
462,,+08:00,"Crystal Plaza Emeishan, Leshan (乐山峨眉山水晶广场)",8981,27.8953,102.2311,-,,,,,,,32,15.1,,
463,,+08:00,"Emei Mountain and Lake, Leshan (乐山峨眉山山与湖)",8982,27.8953,102.2311,-,,,,,,,32,15.1,,
464,,+08:00,"Xichong EPA, Nanchong (南充西充县环保局)",8983,30.9858333,105.879166,-,,,,,,,,,,
465,,+08:00,"bàn xià kēlì shēngchǎn jīdì, Nanchong (南充半夏颗粒生产基地)",8984,31.5439722,106.000069,-,,,,,,,,12.2,,
466,,+08:00,"Jiangan environmental monitoring office, Yibin (宜宾江安县环境监测站办公楼)",8985,28.7330555,105.071388,-,,,,,,,,,,
467,,+08:00,"Gong County Environmental Protection Agency, Yibin (宜宾珙县环保局)",8986,28.4563888,104.707777,-,,,,,,,,,,
468,,+08:00,"Huaying EPA, Guangan (广安华蓥市环保局)",8987,30.3838888,106.271666,-,,,,,,,100,6.9,99.1,1
469,,+08:00,"xuanhan no2 middle school, Dazhou (达州宣汉县第二中学)",8988,31.3619444,107.713055,-,,,,,,,,,,
470,,+08:00,"Hexi vocational, Dazhou (达州河西职中)",8989,32.0819444,108.029722,-,,,,,,,,,,
471,,+08:00,"New Dachuan District People's Hospital, Dazhou (达州新达川区人民医院)",8990,31.2077777,107.511111,-,,,,,,,,,,
472,,+08:00,"zhì shuǐ chǎng, Yaan (雅安制水厂)",8991,30.0954611,103.105177,-,,,,,,,,,,1.5
473,,+08:00,"Zhaoyang district, Bazhong (巴中朝阳新区)",8992,32.3486111,106.823888,-,,,,,,,,12.2,,
474,,+08:00,"Dengke primary school, Bazhong (巴中登科小学)",8993,31.7933888,106.636222,-,,,,,,,,12.2,,
475,,+08:00,"xinyi primary school, Bazhong (巴中信义小学)",8994,31.5882777,107.08875,-,,,,,,,99.3,7,0.3,1
476,,+08:00,"Zhenwu Center, Bazhong (巴中政务中心)",8995,31.9141666,107.244722,-,,,,,,,,12.2,,
477,,+08:00,"hedong district, yinao street, Ziyang (资阳河东新区印鳌路)",8996,30.4141666,104.539444,-,,,,,,,,,,1.5
478,,+08:00,"Aba County Environmental Protection Bureau, Ngawa Zong (阿坝阿坝县环保林业局)",8997,32.9069444,101.708333,-,,,,,,,,,,
479,,+08:00,"Hongyuan county government compound, Ngawa Zong (阿坝红原县人民政府大院)",8998,32.8002777,102.548888,-,,,,,,,,,,
480,,+08:00,"Jinchuan Environmental Bureau, Ngawa Zong (阿坝金川县环保林业局)",8999,31.4725,102.073611,-,,,,,,,,,,
481,,+08:00,"Jiuzhaigou EPB, Ngawa Zong (阿坝九寨沟县环保林业局)",9000,32.8880555,103.459722,-,,,,,,,,,,
482,,+08:00,"Yuexi County Environmental Protection Agency, Liangshan (凉山越西县环境保护局)",9001,28.6297222,102.5075,-,,,,,,,,,,
483,,+08:00,"Xian county, Liangshan (凉山县政府)",9002,27.4058333,102.173888,-,,,,,,,58.2,6.2,,1
484,,+08:00,"Zhenwu Center, Liangshan (凉山政务中心)",9003,27.0641666,102.748611,-,,,,,,,,,,
485,,+08:00,"Butuo County Environmental Protection roof, Liangshan (凉山布拖县环保局楼顶)",9004,27.7157138,102.80435,-,,,,,,,,,,
486,,+08:00,"North Gate Street Station, Liangshan (凉山北关街道站)",9005,26.6677777,102.244722,-,,,,,,,,,,
487,,+08:00,"chuān ān diàn, Liangshan (凉山川安电)",9006,28.5552777,102.175,-,,,,,,,,,,
488,2021-02-28 14:00:00,+08:00,"Shahe Jinjiang section, Chengdu (成都沙河锦江段)",8537,30.61503,104.08542,34,34,12,2.6,9.2,15.5,7.8,81,10,,2.5
489,,+08:00,"City Youth Activity Center, Chengdu (成都市青少年活动中心)",8538,30.71012,104.05409,-,,,,,,,61,28,,0.5
490,,+08:00,"Wu Hou Science and Technology Parks, Chengdu (成都武候科技园)",8539,30.62389,103.9842,-,,,,,,,61,28,,0.5
491,2021-02-28 14:00:00,+08:00,"Lido Garden, Chengdu (成都丽都花园)",8540,30.62862,104.03461,42,42,15,2.1,11.5,12.6,6.7,81,10,,2.5
492,2021-04-14 13:00:00,+08:00,"Yulin, Chengdu (成都玉林)",8541,30.62729,104.05846,46,46,26,2.1,13.8,22,4.6,55,19,,3.6
493,2021-02-28 14:00:00,+08:00,"xióngmāo jīdì, Chengdu (成都熊猫基地)",8542,30.73361,104.1447,25,25,10,3.1,6.9,19.9,7,81,10,,2.5
494,,+08:00,"Western high-tech innovation center, Chengdu (成都高新西区创新中心)",8543,30.72998,103.95959,-,,,,,,,61,28,,0.5
495,,+08:00,"Longquanyi District Environmental Monitoring Station, Chengdu (成都龙泉驿区环境监测站)",8544,30.5588888,104.2725,-,,,,,,,61,28,,0.5
496,2020-09-04 12:00:00,+08:00,"Qingbaijiang District Environmental Monitoring Station, Chengdu (成都青白江区环境监测站)",8545,30.88759,104.25266,152,152,87,7.1,22.4,20.4,6.2,61,28,,0.5
497,,+08:00,"Chengxiang town, Chengdu (成都城厢镇)",8546,30.85354,104.33322,-,,,,,,,61,28,,0.5
498,,+08:00,"Xindu District Environmental Monitoring Station, Chengdu (成都新都区环境监测站)",8547,30.82539,104.17008,-,,,,,,,61,28,,0.5
499,,+08:00,"sānyuán wàiguóyǔ xuéxiào, Chengdu (成都三原外国语学校)",8548,30.78944,104.1542,-,,,,,,,61,28,,0.5
500,,+08:00,"Chengdu Second Administrative College, Chengdu (成都成都市第二行政学院)",8549,30.69486,103.85463,-,,,,,,,61,28,,0.5
501,,+08:00,"Art School, Chengdu (成都艺术学校)",8550,30.75449,103.78828,-,,,,,,,61,28,,0.5
502,,+08:00,"Jintang County Armed Forces, Chengdu (成都金堂县武装部)",8551,30.86431,104.40121,-,,,,,,,61,28,,0.5
503,,+08:00,"Shuangliu County Environmental Monitoring Station, Chengdu (成都双流县环境监测站)",8552,30.57492,103.92329,-,,,,,,,61,28,,0.5
504,2020-09-04 12:00:00,+08:00,"Huayang, Chengdu (成都华阳镇)",8553,30.5225,104.0578,107,107,71,4.6,34.8,3.7,6.5,61,28,,0.5
505,2020-09-02 17:00:00,+08:00,"pí xiàn dǎngxiào, Chengdu (成都郫县党校)",8554,30.80611,103.8744,-,50,24,2.6,4.2,51.9,3.3,61,28,,0.5
506,,+08:00,"tuanjie town, Chengdu (成都团结镇)",8555,30.81699,103.98148,-,,,,,,,61,28,,0.5
507,2021-04-14 13:00:00,+08:00,"jiàn háng jiāshǔ lóu, Chengdu (成都建行家属楼)",8556,30.5866666,103.62,35,34,10,4.1,6.9,34.6,7.4,55,19,,3.6
508,,+08:00,"Pujiang County Environmental Monitoring Station, Chengdu (成都蒲江县环境监测站)",8557,30.19519,103.49844,-,,,,,,,61,28,,0.5
509,,+08:00,"School Resources, Chengdu (成都华润学校)",8558,30.41974,103.80891,-,,,,,,,61,28,,0.5
510,2021-04-14 12:00:00,+08:00,"Pengzhou EPA, Chengdu (成都彭州市环保局)",8559,30.99694,103.9481,30,30,13,5.6,12.8,23.6,4.7,63,18,,1.5
511,2021-04-14 13:00:00,+08:00,"Qionglai water companies, Chengdu (成都邛崃水业公司)",8560,30.4175,103.438333,39,17,6,3.1,4.2,39.4,4.6,55,19,,3.6
512,2021-04-14 13:00:00,+08:00,"Chong City Xingzhi Middle School, Chengdu (成都崇州市行知中学)",8561,30.62722,103.6742,34,34,13,3.6,5.5,29.7,4.4,55,19,,3.6
513,2021-04-14 13:00:00,+08:00,"Jīn Zhōngwài Experimental School, Chengdu (成都金中外实校)",8703,30.8672222,104.411388,33,30,17,3.1,4.6,32.9,4.8,55,19,,3.6
514,2021-04-14 13:00:00,+08:00,"Xinjin Secondary Foreign Language Experimental School, Chengdu (成都新津中学外国语实验学校)",8704,30.4133333,103.821666,53,53,24,3.6,13.3,33.3,5.1,55,19,,3.6
515,2021-04-14 13:00:00,+08:00,"Hóngxīng Power Station, Chengdu (成都红星电站)",9007,30.8063888,103.882777,29,25,12,2.6,9.6,29.3,6.6,55,19,,3.6
516,,+08:00,"Jiǎnyáng EPA, Chengdu (成都简阳市环境监测站)",9008,30.41416,104.53944,-,,,,,,,61,28,,0.5
517,,+08:00,"Shāhé, Chengdu (成都沙河)",9475,30.60778,104.0906,-,,,,,,,61,28,,0.5
518,,+08:00,"Qīngshàonián Palace, Chengdu (成都青少年宫)",9476,30.70972,104.0528,-,,,,,,,61,28,,0.5
519,2021-02-28 14:00:00,+08:00,"Jincheng Lake, Chengdu (成都锦城湖)",9477,30.57335,104.05016,42,42,17,2.6,6.4,16.7,7.3,81,10,,2.5
520,2021-02-28 14:00:00,+08:00,"West River, Chengdu (成都西河)",9478,30.65152,104.23287,25,25,10,2.6,6.9,18.7,5.1,81,10,,2.5
521,2020-09-02 17:00:00,+08:00,"Qingbaijiang library, Chengdu (成都青白江图书馆)",9479,30.88111,104.2467,-,25,22,2.6,5.1,66.9,2.1,61,28,,0.5
522,2020-09-02 17:00:00,+08:00,"Xindu Local Taxation Bureau, Chengdu (成都新都地税局)",9480,30.82667,104.1661,-,68,36,4.1,6.9,94.9,3.4,61,28,,0.5
523,2020-09-04 12:00:00,+08:00,"Wenjiang Riverside Road, Chengdu (成都温江临江路)",9481,30.69917,103.8453,134,134,73,8.7,21.1,27.3,7.1,61,28,,0.5
524,2021-04-14 13:00:00,+08:00,"Shuangliu earthquake disaster reduction bureau, Chengdu (成都双流防震减灾局)",9482,30.59611,103.9014,57,57,20,2.1,9.6,28.5,3.3,55,19,,3.6
525,,+08:00,"Shuangliu District EPB, Chengdu (成都双流区环保局)",9483,30.57944,103.9267,-,,,,,,,61,28,,0.5
526,2021-04-14 13:00:00,+08:00,"Pujiang County Party School, Chengdu (成都蒲江县委党校)",9484,30.2005555,103.527777,35,25,9,2.6,6,35,6.4,55,19,,3.6
527,2021-04-14 13:00:00,+08:00,"Dujiangyan EPB, Chengdu (成都都江堰市环保大楼)",9485,30.99056,103.6578,27,25,12,2.1,9.2,26.9,5.2,55,19,,3.6
528,2020-09-02 17:00:00,+08:00,"jiǎnyáng yìnáo lù, Chengdu (成都简阳印鳌路)",9486,30.40806,104.5436,-,42,14,1.6,3.7,47.6,4.3,61,28,,0.5
529,,+08:00,"běixīng dàdào yīduàn, Chengdu (成都北星大道一段)",9487,30.73916,104.07861,-,,,,,,,61,28,,0.5
530,2022-06-04 15:00:00,+08:00,"Jinbo Road, Chengdu (成都金博路)",10444,30.6891,104.0026,38,38,9,1.6,5.1,37,4.6,73,24,,2.5
531,2020-09-02 16:00:00,+08:00,"Qingquan Campus, Qingbaijiang Branch, Chengdu Technician College, Chengdu (成都成都市技师学院青白江分院清泉校区)",11636,30.7494,104.3944,-,38,31,2.1,1.9,38.6,1.6,61,28,,0.5
532,2021-02-28 14:00:00,+08:00,"Xinmin Convenience Service Station, Chengdu (成都新民便民服务站)",11637,30.90048,104.10482,42,42,12,7.1,11.5,11.4,5.5,81,10,,2.5
533,2021-02-28 14:00:00,+08:00,"Yongning, Chengdu (成都永宁)",11638,30.7492,103.8594,55,55,16,1.6,13.8,7.8,6.7,81,10,,2.5
534,2021-04-14 13:00:00,+08:00,"Shuangliu Yong'an Primary School, Chengdu (成都双流永安小学)",11639,30.41,103.99149,55,55,32,3.1,14.7,19.5,6.6,55,19,,3.6
535,2020-09-02 17:00:00,+08:00,"Jintang Samsung University City, Chengdu (成都金堂三星大学城)",11640,30.8361,104.47752,-,17,25,8.2,1,42.3,2.8,61,28,,0.5
536,2021-04-14 13:00:00,+08:00,"Hairong Pharmaceutical, Chengdu (成都海蓉药业)",11641,30.97817,103.64169,28,25,9,3.1,7.8,28.1,4.5,55,19,,3.6
537,2021-04-14 13:00:00,+08:00,"河滨印象, Chengdu (成都河滨印象)",11803,30.62583,104.08944,50,50,22,3.1,13.8,17.9,7.7,55,19,,3.6
538,2021-01-01 13:00:00,+08:00,"晋阳消防站, Chengdu (成都晋阳消防站)",11886,30.66361,103.99694,165,165,81,5.1,27.5,12.6,7.1,61,8,,0.5
539,2020-09-04 12:00:00,+08:00,"李家沱, Chengdu (成都李家沱)",11804,30.68694,104.09238,155,155,81,3.6,37.1,22,9.5,51,30,,1.5
540,2020-09-04 12:00:00,+08:00,"新津永商, Chengdu (成都新津永商)",11805,30.40083,103.79805,104,104,62,5.6,21.5,24,9,61,28,,0.5
541,2022-06-04 14:00:00,+08:00,Guangyuan (广元),7893,32.435435,105.843357,35,21,13,3.1,1.9,35,4.6,58.1,24.9,0.7,1
542,2022-05-01 16:00:00,+08:00,Bazhong (巴中),7894,31.867903,106.747478,46,25,20,2.1,3.7,46.3,2.8,56.2,18.7,99.2,1
543,2022-05-01 16:00:00,+08:00,Ngawa Zong (阿坝州),7895,31.899413,102.224653,67,46,67,7.1,9.6,41.1,5.5,57.2,8.6,99.4,2
544,2022-05-01 16:00:00,+08:00,Liangshan (凉山州),7896,27.881611,102.267335,37,17,12,5.6,3.2,36.6,6.4,57.2,13.3,99.7,1
545,,+08:00,Shenyang US Consulate (沈阳美国总领事馆),496,41.7832349,123.4267266,-,,,,,,,82,19,,3
546,,+08:00,"Huishan, Shenyang",1247,41.9339,123.6836,-,,,,,,,62,4,,4.9
547,,+08:00,"Hunnan, Shenyang",1248,41.7561,123.535,-,,,,,,,62,4,,4.9
548,2022-06-04 14:00:00,+08:00,"Dōngruǎn, Shenyang (沈阳东软)",1249,41.7089,123.439,50,50,25,4.1,6,31.7,7.3,77,20,,2.5
549,,+08:00,"Zhangshi, Shenyang",1250,41.7694,123.284,-,,,,,,,62,4,,4.9
550,,+08:00,"Artillery College, Shenyang",1251,123.542,41.8336,-,,,,,,,62,4,,4.9
551,,+08:00,"Beiling, Shenyang",1252,123.428,41.8472,-,,,,,,,62,4,,4.9
552,,+08:00,"Wenyi Road, Shenyang",1253,41.765,123.41,-,,,,,,,62,4,,4.9
553,2022-06-04 14:00:00,+08:00,"Taiyuan Street, Shenyang (沈阳太原街)",1255,41.7972,123.3997,63,63,26,5.1,7.4,31.7,6.4,77,20,,2.5
554,,+08:00,"Ermao, Shenyang",1256,41.7806,123.3606,-,,,,,,,62,4,,4.9
555,2022-06-04 14:00:00,+08:00,"Liaoning University, Shenyang (沈阳辽大)",1257,41.9228,123.3783,50,50,15,6.1,8.3,28.5,7.3,77,20,,2.5
556,2022-06-04 14:00:00,+08:00,"Ganjingzi, Dalian (大连甘井子)",1258,38.973888889,121.61194444,57,57,35,3.6,8.7,37.4,4.6,60,23,,6.6
557,2022-06-04 14:00:00,+08:00,"Zhoushuizi, Dalian (大连周水子)",1259,38.951111111,121.565,63,63,30,2.6,3.2,38.6,6.4,60,23,,6.6
558,2022-06-04 14:00:00,+08:00,"Xinghai No 3 station, Dalian (大连星海三站)",1260,38.885,121.56388889,63,63,26,2.6,6.4,45.1,2.8,60,23,,6.6
559,2022-06-04 14:00:00,+08:00,"Qingniwa Bridge, Dalian (大连青泥洼桥)",1261,38.911944444,121.63305556,43,38,28,3.1,2.8,43.1,2.8,60,23,,6.6
560,2022-06-04 14:00:00,+08:00,"Fujiazhuang, Dalian (大连傅家庄)",1262,38.863888889,121.625,55,55,24,1.1,3.2,39.4,7.3,60,23,,6.6
561,2022-05-26 15:00:00,+08:00,"Qixianling, Dalian (大连七贤岭)",1263,38.856111111,121.51805556,-,,13,7.1,9.6,5.7,2.8,55,18,,0.5
562,2022-06-04 14:00:00,+08:00,"Lushun, Dalian (大连旅顺)",1264,38.808055556,121.25888889,65,65,20,2.6,6,39.4,3.7,59.5,18.8,,1
563,2022-06-04 14:00:00,+08:00,"Jinzhou, Dalian (大连金州)",1265,39.1311,121.7481,59,59,20,1.6,5.1,43.5,2.8,60,23,,6.6
564,2022-06-04 14:00:00,+08:00,"BDA, Dalian (大连开发区)",1266,39.0511,121.7769,68,68,25,1.6,9.6,36.6,8.2,60,23,,6.6
565,2022-06-04 14:00:00,+08:00,"D&D Port, Dalian (大连双D港)",1267,39.0631,121.9769,57,57,15,4.6,6.4,38.6,4.6,60,23,,6.6
566,,+08:00,"Bearing Factory, Dandong",3492,40.0625,124.3303,-,,,,,,,56,2,,4.9
567,,+08:00,"Financial school, Dandong",3493,40.1503,124.4256,-,,,,,,,56,2,,4.9
568,,+08:00,"Yuanbaoshan water, Dandong",3494,40.1461,124.3933,-,,,,,,,56,2,,4.9
569,,+08:00,"Experimental Primary School, Dandong",3495,40.1194,124.3678,-,,,,,,,56,2,,4.9
570,2022-06-04 14:00:00,+08:00,"BDA, Panjin (盘锦开发区)",3496,41.1556,122.0247,55,55,23,2.1,6.9,33.8,6.4,71.8,21.4,0.1,4
571,2022-06-04 14:00:00,+08:00,"Xinglongtai, Panjin (盘锦兴隆台)",3497,41.0903,122.0539,53,53,17,3.6,7.8,34.2,5.5,71.8,21.4,0.1,4
572,,+08:00,"Dingxiang, Panjin",3498,41.1042,121.835,-,,,,,,,,,,
573,,+08:00,"No.3 water company, Yingkou",3499,40.6511,122.215,-,,,,,,,75,5,,4.9
574,2022-06-04 14:00:00,+08:00,"Xi pàotái, Yingkou (营口西炮台)",3500,40.6789,122.1658,53,53,20,2.1,6.9,37.4,3.7,71.8,21.4,0.1,4
575,,+08:00,"Yingkou University, Yingkou",3501,40.6592,122.2414,-,,,,,,,75,5,,4.9
576,,+08:00,"Botanical garden, Yingkou",3502,40.7094,122.2703,-,,,,,,,75,5,,4.9
577,,+08:00,"Xishanpo, Huludao",3503,40.7136,120.9092,-,,,,,,,,,,
578,,+08:00,"Huagong hospital, Huludao",3504,40.7514,120.8392,-,,,,,,,,,,
579,,+08:00,"New district park, Huludao",3505,40.715,120.8478,-,,,,,,,,,,
580,,+08:00,"Lianshan district governement, Huludao",3506,40.7736,120.8631,-,,,,,,,,,,
581,2022-06-04 14:00:00,+08:00,Dalian (大连),1474,38.914003,121.614682,43,38,28,1.1,2.8,43.1,7.3,60,23,,6.6
582,2022-06-04 14:00:00,+08:00,Anshan (鞍山),1475,41.108546,122.994646,55,55,26,4.1,5.5,34.2,5.5,77,20,,2.5
583,2022-06-04 14:00:00,+08:00,Benxi (本溪),1477,41.294176,123.766485,63,63,34,12.7,15.1,37,12.7,77,20,,2.5
584,2022-06-04 14:00:00,+08:00,Jinzhou (锦州),1478,41.09512,121.127004,85,85,27,2.6,5.5,34.6,7.3,92.1,18.1,1.5,3
585,2022-06-04 14:00:00,+08:00,Dandong (丹东),3476,40.0005,124.354707,107,107,16,5.1,4.2,39,8.2,78.9,20.6,99.1,3
586,2022-06-04 14:00:00,+08:00,Huludao (葫芦岛),3478,40.711052,120.836932,91,91,37,3.1,6.4,32.5,4.6,92.1,18.1,1.5,3
587,2022-06-04 14:00:00,+08:00,Panjin (盘锦),3479,41.119997,122.070714,112,112,23,3.6,7.8,36.6,5.5,71.8,21.4,0.1,4
588,2022-06-04 14:00:00,+08:00,Yingkou (营口),3480,40.667012,122.235418,53,53,20,4.1,6.9,39.4,4.6,71.8,21.4,0.1,4
589,2022-06-04 14:00:00,+08:00,Chaoyang (朝阳),4345,41.573734,120.450372,63,63,30,4.1,5.5,26,6.4,92.2,19.3,0.3,4
590,2022-06-04 14:00:00,+08:00,Tieling (铁岭),4346,42.22297,123.726163,72,72,22,3.1,10.1,34.2,3.7,1,11.7,,0.7
591,2022-06-04 14:00:00,+08:00,Liaoyang (辽阳),4347,41.267244,123.236944,42,42,26,3.6,5.1,35.4,3.7,77,20,,2.5
592,2022-06-04 14:00:00,+08:00,Fuxin (阜新),4348,42.021619,121.670324,68,68,30,5.1,6,32.5,6.4,95.1,18.9,99.8,4
593,2022-06-04 14:00:00,+08:00,"Nanshan, Jinzhou (锦州南山)",4370,41.0781,121.0986,85,85,32,2.6,1,28.1,6.4,92.1,18.1,1.5,3
594,2022-06-04 14:00:00,+08:00,"BDA, Jinzhou (锦州开发区)",5242,40.8333,121.045,55,55,22,3.1,4.6,28.9,4.6,92.1,18.1,1.5,3
595,,+08:00,"Baigu Water Plant, Jinzhou",4369,41.1219,121.2008,-,,,,,,,91,2,,4.9
596,,+08:00,"Monitoring station, Jinzhou",4368,41.1222,121.1178,-,,,,,,,91,2,,4.9
597,2022-06-04 14:00:00,+08:00,"Beihu Park, Jinzhou (锦州北湖公园)",4367,41.1386,121.1303,82,82,37,2.6,5.1,29.7,3.7,92.1,18.1,1.5,3
598,2022-06-04 14:00:00,+08:00,"Dayu, Benxi (本溪大峪)",4366,41.3283,123.8436,50,50,21,2.6,2.3,37,4.6,77,20,,2.5
599,2022-06-04 14:00:00,+08:00,"Xihu, Benxi (本溪溪湖)",4365,41.3369,123.7528,42,42,20,3.1,2.8,30.1,4.6,77,20,,2.5
600,2022-06-04 14:00:00,+08:00,"Caitun, Benxi (本溪彩屯)",4364,41.3047,123.7308,63,63,34,12.7,15.1,25.2,12.7,77,20,,2.5
601,2022-06-04 14:00:00,+08:00,"Dongming, Benxi (本溪东明)",4363,41.2864,123.7669,37,34,21,4.1,2.3,37,3.7,77,20,,2.5
602,,+08:00,"Occupational disease hospital, Benxi",4362,41.2692,123.7989,-,,,,,,,67,2,,5.8
603,2022-06-04 14:00:00,+08:00,"Weining, Benxi (本溪威宁)",4361,41.3472,123.8142,31,30,22,4.1,3.2,30.9,4.6,77,20,,2.5
604,2022-06-04 14:00:00,+08:00,"Shengou Temple, Anshan (鞍山深沟寺)",4354,41.1196,123.044,46,46,17,3.1,2.3,31.7,3.7,77,20,,2.5
605,,+08:00,"Central Station, Anshan",4353,41.0931,123.011,-,,,,,,,,,,
606,,+08:00,"Taiping Station, Anshan",4352,123.0485,41.1442,-,,,,,,,,,,
607,,+08:00,"Tiexi, Anshan",4351,122.9642,41.0971,-,,,,,,,,,,
608,2022-06-04 14:00:00,+08:00,"Míngdá district, Anshan (鞍山明达新区)",4350,41.0831,123.0156,46,46,21,2.6,5.1,32.1,3.7,77,20,,2.5
609,,+08:00,"Qianshan Park, Anshan",4349,41.0228,123.1289,-,,,,,,,,,,
610,,+08:00,"Wanghua, Fushun",4360,41.8469,123.81,-,,,,,,,,,,
611,,+08:00,"Xinhua, Fushun",4359,41.8828,123.9169,-,,,,,,,,,,
612,,+08:00,"Dongzhou, Fushun",4358,41.8625,124.0383,-,,,,,,,,,,
613,,+08:00,"Train Station, Fushun",4357,41.8594,123.9,-,,,,,,,,,,
614,,+08:00,"Reservoir, Fushun",4356,41.8864,124.0878,-,,,,,,,,,,
615,2022-06-04 14:00:00,+08:00,"Shenfu new town, Fushun (抚顺沈抚新城)",4355,41.8417,123.7117,46,46,22,3.1,4.6,30.9,4.6,77,20,,2.5
616,2022-06-04 14:00:00,+08:00,"Industrial Area, Fuxin (阜新工业园区)",4387,41.9967,121.6178,68,68,11,3.1,6,27.3,4.6,95.1,18.9,99.8,4
617,,+08:00,"People's Park, Fuxin",4386,42.0186,121.6561,-,,,,,,,,,,
618,2022-06-04 14:00:00,+08:00,"Agricultural Area, Fuxin (阜新农业园区)",4385,42.0503,121.6972,63,63,19,3.6,4.2,32.5,6.4,93.3,17.8,2.1,4
619,,+08:00,"Environment protection office, Fuxin",4384,42.0228,121.6722,-,,,,,,,,,,
620,,+08:00,"Yulong Xinchengzi Station, Fuxin",4383,42.0486,121.6592,-,,,,,,,,,,
621,,+08:00,"Chemical Factory, Liaoyang",4382,41.1953,123.2,-,,,,,,,,,,
622,,+08:00,"No. 201 blood bank, Liaoyang",4381,41.2553,123.15,-,,,,,,,,,,
623,,+08:00,"Yuanlin Compound, Liaoyang",4380,41.2736,123.1761,-,,,,,,,,,,
624,,+08:00,"Steel Pipe Factory, Liaoyang",4379,41.2894,123.1417,-,,,,,,,,,,
625,,+08:00,"Steel Factory, Tieling",4378,123.8139,42.3022,-,,,,,,,,,,
626,2022-06-04 14:00:00,+08:00,"Waterpark, Tieling (铁岭水上乐园)",4377,42.2953,123.8831,72,72,22,2.6,7.8,30.9,2.8,1,11.7,,0.7
627,,+08:00,"Benzhan, Tieling",4376,42.2864,123.8489,-,,,,,,,,,,
628,,+08:00,"Jinsha River, Tieling",4375,42.2217,123.7153,-,,,,,,,,,,
629,,+08:00,"Landscape Management Office, Chaoyang",4373,41.5672,120.4486,-,,,,,,,61,4,,5.8
630,,+08:00,"Flour Mill, Chaoyang",4372,41.5647,120.4247,-,,,,,,,61,4,,5.8
631,,+08:00,"Longcheng Agricultural Park, Chaoyang",4371,41.615,120.3939,-,,,,,,,61,4,,5.8
632,,+08:00,"No.1 Construction company, Component factory, Chaoyang",4374,41.5931,120.4439,-,,,,,,,61,4,,5.8
633,2022-06-04 14:00:00,+08:00,"hún nán dōng lù, Shenyang , Shenyang (沈阳浑南东路)",5218,41.7561,123.535,59,59,23,5.1,6.9,29.3,9.1,77,20,,2.5
634,2022-06-04 14:00:00,+08:00,"Tanglin Road , Shenyang , Shenyang (沈阳东陵路)",5216,41.8336,123.542,55,55,24,4.6,5.5,26.9,6.4,77,20,,2.5
635,2022-06-04 14:00:00,+08:00,"wenhua street, Shenyang , Shenyang (沈阳文化路)",5215,41.765,123.41,53,53,22,4.1,5.1,31.3,7.3,77,20,,2.5
636,2021-12-14 14:00:00,+08:00,"xuéfǔ nánlù, Yingkou , Yingkou (营口学府南路)",5225,40.6592,122.2414,187,187,86,5.1,17,19.5,8.2,77.1,-1.2,,2
637,2022-06-04 14:00:00,+08:00,"Daqing Road , Yingkou , Yingkou (营口大庆路)",5224,40.7094,122.2703,50,50,13,2.6,3.7,38.6,3.7,71.8,21.4,0.1,4
638,2022-06-04 14:00:00,+08:00,"jinghu west street, Yingkou , Yingkou (营口镜湖西路)",5223,40.6511,122.215,39,38,20,4.1,4.2,39.4,4.6,71.8,21.4,0.1,4
639,2022-06-04 14:00:00,+08:00,"jiangwan east street, Dandong , Dandong (丹东江湾东路)",5222,40.0625,124.3303,57,57,16,4.6,4.2,39,3.7,78.9,20.6,99.1,3
640,2022-06-04 14:00:00,+08:00,"linjiang houjie, Dandong , Dandong (丹东临江后街)",5221,40.1503,124.4256,38,17,,5.1,1,38.2,10.9,78.9,20.6,99.1,3
641,2022-06-04 14:00:00,+08:00,"yuanbaoshan, Dandong , Dandong (丹东元宝山)",5220,40.1461,124.3933,36,34,11,4.1,1.9,35.8,5.5,78.9,20.6,99.1,3
642,2022-06-04 14:00:00,+08:00,"minzhu bridge, Dandong , Dandong (丹东民主桥)",5219,40.1194,124.3678,107,107,10,5.1,0.5,37.4,8.2,78.9,20.6,99.1,3
643,2022-06-04 14:00:00,+08:00,"xīnshēng jiēdào, Panjin , Panjin (盘锦新生街道)",5226,41.1042,121.835,112,112,24,1.6,5.1,36.6,4.6,71.8,21.4,0.1,4
644,2022-06-04 14:00:00,+08:00,"longgang district, Huludao , Huludao (葫芦岛龙港区)",5230,40.7136,120.9092,65,65,23,1.6,5.1,32.5,2.8,92.1,18.1,1.5,3
645,2022-06-04 14:00:00,+08:00,"huagong street, Huludao , Huludao (葫芦岛化工街)",5229,40.7514,120.8392,85,85,26,2.6,6.4,31.7,5.5,92.1,18.1,1.5,3
646,2022-06-04 14:00:00,+08:00,"Xīnqū, Huludao (葫芦岛新区)",5228,40.715,120.8478,76,76,37,3.1,6,32.5,4.6,92.1,18.1,1.5,3
647,2022-06-04 14:00:00,+08:00,"Dongcheng District , Huludao , Huludao (葫芦岛东城区)",5227,40.7736,120.8631,91,91,25,2.6,6,28.1,1.9,92.1,18.1,1.5,3
648,2022-06-04 14:00:00,+08:00,"Taiyang, Anshan (鞍山太阳城)",5235,41.0931,123.011,46,46,24,3.6,5.1,31.7,5.5,77,20,,2.5
649,2022-06-04 14:00:00,+08:00,"tàipíng, Anshan , Anshan (鞍山太平)",5234,41.1442,123.0485,55,55,24,4.1,3.7,34.2,5.5,77,20,,2.5
650,2022-06-04 14:00:00,+08:00,"Tiexi Sandao jie, Anshan (鞍山铁西三道街)",5233,41.0971,122.9642,55,55,26,2.6,5.5,33.8,4.6,77,20,,2.5
651,2022-06-04 14:00:00,+08:00,"West Industrial Park , Anshan , Anshan (鞍山铁西工业园区)",5231,41.0833,122.9481,50,50,26,3.1,3.7,33.8,2.8,77,20,,2.5
652,2022-05-19 08:00:00,+08:00,"Qianshan , Anshan , Anshan (鞍山千山)",5232,41.0228,123.1289,53,53,17,4.6,2.8,37,6.4,31,24,,6.6
653,2022-06-04 14:00:00,+08:00,"Wanghua district, Fushun , Fushun (抚顺望花区)",5240,41.8469,123.81,68,68,16,6.1,11,24.4,5.5,77,20,,2.5
654,2022-06-04 14:00:00,+08:00,"Shuncheng district, Fushun , Fushun (抚顺顺城区)",5239,41.8828,123.9169,55,55,37,4.1,8.3,26,4.6,77,20,,2.5
655,2022-06-04 14:00:00,+08:00,"Dongzhou district, Fushun , Fushun (抚顺东洲区)",5238,41.8625,124.0383,38,38,17,3.1,1.4,31.3,3.7,77,20,,2.5
656,2022-06-04 14:00:00,+08:00,"Xinfu district, Fushun , Fushun (抚顺新抚区)",5237,41.8594,123.9,46,46,24,2.1,6.4,25.6,3.7,77,20,,2.5
657,2022-06-04 14:00:00,+08:00,"Dahuofang reservoir, Fushun , Fushun (抚顺大伙房水库)",5236,41.8864,124.0878,38,38,10,2.6,1,34.6,3.7,77,20,,2.5
658,2022-06-04 14:00:00,+08:00,"Xinlitun , Benxi , Benxi (本溪新立屯)",5241,41.2692,123.7989,38,38,20,2.6,1,36.2,4.6,77,20,,2.5
659,2022-06-04 14:00:00,+08:00,"baigu street, Jinzhou, Jinzhou (锦州百股街道)",5244,41.1219,121.2008,59,59,26,2.1,2.3,34.6,5.5,92.1,18.1,1.5,3
660,2022-06-04 14:00:00,+08:00,"tianan street, Jinzhou , Jinzhou (锦州天安街道)",5243,41.1222,121.1178,85,85,27,3.1,5.5,33.3,7.3,92.1,18.1,1.5,3
661,2022-06-04 14:00:00,+08:00,"changqing street, Fuxin , Fuxin (阜新长青街)",5212,42.0186,121.6561,63,63,30,5.1,6,28.1,4.6,93.3,17.8,2.1,4
662,2022-06-04 14:00:00,+08:00,"Dongyuan , Fuxin , Fuxin (阜新东苑)",5211,42.0228,121.6722,68,68,20,3.6,5.5,29.3,5.5,93.3,17.8,2.1,4
663,2022-06-04 14:00:00,+08:00,"Yulong Metro , Fuxin , Fuxin (阜新玉龙新城)",5210,42.0486,121.6592,55,55,21,4.1,3.7,28.5,5.5,93.3,17.8,2.1,4
664,2022-06-04 14:00:00,+08:00,"Hongwei District , Liaoyang , Liaoyang (辽阳宏伟区)",5209,41.1953,123.2,35,17,15,3.6,1.9,35.4,3.7,77,20,,2.5
665,2022-06-04 14:00:00,+08:00,"xīnhuá yuán, Liaoyang , Liaoyang (辽阳新华园)",5208,41.2553,123.15,35,21,15,2.1,3.7,35,2.8,77,20,,2.5
666,2022-06-04 14:00:00,+08:00,"Riverside Road , Liaoyang , Liaoyang (辽阳滨河路)",5207,41.2736,123.1761,42,42,20,3.6,2.8,34.2,3.7,77,20,,2.5
667,2022-06-04 14:00:00,+08:00,"West Industrial Park , Liaoyang , Liaoyang (辽阳铁西工业园)",5206,41.2894,123.1417,38,38,26,3.1,5.1,31.7,4.6,77,20,,2.5
668,2022-06-04 14:00:00,+08:00,"Huigong Street West , Tieling , Tieling (铁岭汇工街西)",5205,42.3022,123.8139,53,53,20,3.1,7.8,34.2,3.7,1,11.7,,0.7
669,2022-06-04 14:00:00,+08:00,"Yínzhōu lù dōngduàn, Tieling (铁岭银州路东段)",5204,42.2864,123.8489,38,38,18,2.6,6.9,31.3,3.7,1,11.7,,0.7
670,2022-06-04 14:00:00,+08:00,"jīnshā jiāng lù běi, Tieling , Tieling (铁岭金沙江路北)",5203,42.2217,123.7153,42,42,20,2.6,10.1,28.9,3.7,1,11.7,,0.7
671,2022-06-04 14:00:00,+08:00,"xī liáng, Chaoyang , Chaoyang (朝阳西梁)",5202,41.5931,120.4439,42,42,49,3.1,4.6,24,6.4,92.2,19.3,0.3,4
672,2022-06-04 14:00:00,+08:00,"hepan district, Chaoyang , Chaoyang (朝阳河畔小区)",5201,41.5672,120.4486,53,53,36,4.1,4.2,26,5.5,92.2,19.3,0.3,4
673,2022-06-04 14:00:00,+08:00,"Bālǐ bǎo, Chaoyang , Chaoyang (朝阳八里堡)",5200,41.5647,120.4247,63,63,30,3.6,5.5,23.6,5.5,92.2,19.3,0.3,4
674,2022-06-02 09:00:00,+08:00,"Agricultural Area, Chaoyang (朝阳农业园区)",5199,41.615,120.3939,-,112,81,17.3,20.2,23.2,23.5,24.9,28.7,99.1,7
675,2022-06-04 14:00:00,+08:00,"Chénliáoxī lù, Shenyang (沈阳沈辽西路)",8755,41.7347,123.2444,34,34,20,7.6,5.1,31.7,6.4,77,20,,2.5
676,2022-06-04 14:00:00,+08:00,"yùnóng lù, Shenyang (沈阳裕农路)",8756,41.9086,123.5953,42,42,18,3.6,5.5,28.5,4.6,77,20,,2.5
677,,+08:00,"chén běi, Shenyang , Shenyang",5213,42.053486,123.526876,-,,,,,,,62,4,,4.9
678,,+08:00,"Tiexi, Shenyang",5214,,,-,,,,,,,62,4,,4.9
679,,+08:00,"bái tǎ, Shenyang , Shenyang",5217,,,-,,,,,,,62,4,,4.9
680,,+08:00,"Guǎngnán reservoir, Dongying",547,37.37805556,118.8191667,-,,,,,,,95.2,21.7,99.2,
681,,+08:00,"Vocational and Technical College, Laiwu",603,36.22888889,117.6888889,-,,,,,,,100,20.2,0.3,
682,2022-06-04 15:00:00,+08:00,"City Monitoring Station, Jinan (济南市监测站)",497,36.66222222,117.0486111,93,74,73,5.1,6,92.9,0.1,35.9,33.1,,3
683,2022-06-04 15:00:00,+08:00,"Shandong Institute of Economics, Jinan (济南山东经济学院)",498,36.63777778,117.0688889,102,102,55,4.6,5.5,98.1,0.1,35.9,33.1,,3
684,2022-06-04 15:00:00,+08:00,"Quancheng Plaza, Jinan (济南泉城广场)",499,36.66138889,117.0211111,107,107,63,5.1,4.6,94.2,0.1,35.9,33.1,,3
685,2022-06-04 15:00:00,+08:00,"Kegansuo, Jinan (济南科干所)",500,36.61138889,116.9880556,94,93,59,6.6,6.4,94.2,0.1,35.9,33.1,,3
686,2022-06-04 15:00:00,+08:00,"Shāndōng lǔnéng, Jinan (济南山东鲁能)",501,36.59277778,117.0241667,78,78,60,3.1,7.8,76,0.1,35.9,33.1,,3
687,2022-06-04 15:00:00,+08:00,"Agriculture Science Institute, Jinan (济南农科所)",502,36.663,116.945,83,76,57,5.6,6.9,82.5,0.1,35.9,33.1,,3
688,2022-06-04 15:00:00,+08:00,"Jīchuáng èr chǎng, Jinan (济南机床二厂)",503,36.64088889,116.9427778,86,76,63,4.6,5.1,85.8,0.1,35.9,33.1,,3
689,2022-06-04 15:00:00,+08:00,"Lanxiang technical school, Jinan (济南兰翔技校)",504,36.70027778,116.9477778,87,80,65,4.1,5.1,87.1,0.1,35.9,33.1,,3
690,2022-06-04 15:00:00,+08:00,"Chemical factory, Jinan (济南化工厂)",505,36.68722222,116.9886111,82,82,59,6.1,5.1,77.3,0.1,35.9,33.1,,3
691,2022-06-04 15:00:00,+08:00,"Provincial Seed Warehouse, Jinan (济南省种子仓库)",506,36.68527778,117.0602778,97,97,68,6.1,5.5,95.5,0.1,35.9,33.1,,3
692,2022-06-04 16:00:00,+08:00,"Shandong Architecture University, Jinan (济南山东建筑大学)",507,36.68138889,117.1858333,103,87,68,5.1,6.9,103.1,0.1,35.9,33.1,,3
693,2020-06-17 17:00:00,+08:00,"Baosheng cable company, Jinan (济南宝胜电缆)",508,36.72256667,117.1247222,85,85,27,4.1,14.7,38.2,0.1,93.9,18.3,0.5,1
694,2020-02-25 00:00:00,+08:00,"Paomaling, Jinan (济南跑马岭)",509,36.4785,117.2130556,174,174,81,2.6,23.8,4.1,0.1,99.3,5.7,1.3,4
695,2022-06-04 15:00:00,+08:00,"Changqing District Communist Party School, Jinan (济南长清区委党校)",510,36.54861111,116.7651667,88,76,61,7.1,4.2,87.7,0.1,35.9,33.1,,3
696,2022-06-04 16:00:00,+08:00,"BDA, Jinan (济南开发区)",511,36.68538889,117.1247222,98,95,64,6.6,6.9,97.5,0.1,35.9,33.1,,3
697,2022-06-04 15:00:00,+08:00,"Shinan district No. 1, Qingdao (青岛市南区1号)",512,36.06525,120.403259,50,50,2,2.6,1,29.3,0.1,88,21,,6.6
698,2022-06-04 15:00:00,+08:00,"Tuán dǎo, Qingdao (青岛团岛)",513,36.054169,120.294134,33,30,9,2.6,2.8,33.3,0.1,88,21,,6.6
699,2021-03-03 16:00:00,+08:00,"Shibei district No. 1, Qingdao (青岛市北区1号)",514,36.069711,120.336184,65,65,47,2.1,12.8,30.9,0.1,57,9,,6.6
700,2022-06-04 16:00:00,+08:00,"Shibei district No. 2, Qingdao (青岛市北区2号)",515,36.103886,120.36125,30,30,2,2.6,6,24,0.1,88,21,,4.6
701,2022-06-04 16:00:00,+08:00,"Huangdao District No. 1, Qingdao (青岛黄岛区1号)",516,35.958797,120.185909,31,30,5,2.1,6,30.9,0.1,88,21,,4.6
702,2022-06-04 16:00:00,+08:00,"Huangdao District No. 2, Qingdao (青岛黄岛区2号)",517,35.970289,120.155109,31,30,7,2.1,3.7,31.3,0.1,88,21,,4.6
703,,+08:00,"Laoshan District No. 1, Qingdao",518,36.085636,120.446784,-,,,,,,,,,,
704,2021-01-01 01:00:00,+08:00,"Yǎng kǒu, Qingdao (青岛仰口)",519,36.240156,120.660697,17,9,17,3.1,5.5,,0.1,72,-9,,0.5
705,,+08:00,"Laoshan District No. 2, Qingdao (青岛崂山区2号)",520,36.090925,120.48547,-,,,,,,,46,10,,3.6
706,2020-10-15 15:00:00,+08:00,"Licang District No. 1, Qingdao (青岛李沧区1号)",521,36.18457,120.380186,35,38,25,3.1,6.9,35,0.1,59,18,,2.5
707,,+08:00,"Licang District No. 2, Qingdao (青岛李沧区2号)",522,36.154078,120.427178,-,,,,,,,46,10,,3.6
708,2022-06-04 15:00:00,+08:00,"Chengyang District No. 1, Qingdao (青岛城阳区1号)",523,36.308156,120.39492,29,21,9,2.1,2.3,29.3,0.1,88,21,,6.6
709,,+08:00,"Chengyang District No. 2, Qingdao (青岛城阳区2号)",524,36.308156,120.460772,-,,,,,,,46,10,,3.6
710,2022-06-04 15:00:00,+08:00,"Zichuan Meteo. Stations, Zibo (淄博淄川气象站)",525,36.63777778,117.9544444,111,87,54,6.1,6,111.1,0.1,43.1,30,0.7,2
711,2022-06-04 15:00:00,+08:00,"Fènghuáng shān, Zibo (淄博凤凰山)",526,36.66555556,117.9233333,122,87,64,6.1,7.4,122.1,0.1,43.1,30,0.7,2
712,2022-06-04 15:00:00,+08:00,"People's Park, Zibo (淄博人民公园)",527,36.80833333,118.0422222,129,89,65,10.2,4.6,129.1,0.1,43.1,30,0.7,2
713,2022-06-04 14:00:00,+08:00,"Dongfeng Chemical factory, Zibo (淄博东风化工厂)",528,36.83805556,118.0447222,133,95,65,11.7,6,132.6,0.1,60.1,26.9,0.7,2
714,2022-06-04 14:00:00,+08:00,"Xīnqū, Zibo (淄博新区)",529,36.84333333,118.0175,132,87,75,9.7,10.6,131.6,0.1,43.1,30,0.7,2
715,2022-06-04 15:00:00,+08:00,"Nán dìng, Zibo (淄博南定)",530,36.80305556,118.0244444,129,112,68,10.2,3.7,128.6,0.1,43.1,30,0.7,2
716,2022-06-04 15:00:00,+08:00,"Boshan shuangshan, Zibo (淄博博山双山)",531,36.49722222,117.8477778,94,91,49,6.1,7.4,94.2,0.1,43.1,30,0.7,2
717,2022-06-04 15:00:00,+08:00,"Qīnglóng shān, Zibo (淄博青龙山)",532,36.45972222,117.8702778,104,104,54,3.6,2.3,103.1,0.1,43.1,30,0.7,2
718,2022-06-04 15:00:00,+08:00,"Linzi Putian Park, Zibo (淄博临淄莆田园)",533,36.81972222,118.3091667,92,82,47,4.6,5.1,92.3,0.1,43.1,30,0.7,2
719,2022-06-04 15:00:00,+08:00,"Qilu Petrochemical, Zibo (淄博齐鲁石化)",534,36.76555556,118.2491667,82,82,52,2.6,7.4,80.6,0.1,43.1,30,0.7,2
720,2021-03-03 16:00:00,+08:00,"Zhoucun sanjin Group, Zibo (淄博周村三金集团)",535,36.80416667,117.8511111,91,91,46,6.6,9.2,45.5,0.1,29,12.1,99.3,4
721,2022-06-04 15:00:00,+08:00,"Vocational College, Zibo (淄博职业学院)",536,36.825,117.9205556,107,87,65,4.1,3.2,106.6,0.1,43.1,30,0.7,2
722,2020-02-25 00:00:00,+08:00,"BDA, Zibo (淄博开发区)",537,36.90472222,118.0158333,174,174,81,2.6,23.8,4.1,0.1,95.3,6.9,0.2,4
723,2022-06-04 15:00:00,+08:00,"Shizhong District Government, Zaozhuang (枣庄市中区政府)",538,34.85138889,117.5638889,82,82,57,6.1,5.1,63,0.1,62.1,27.5,,2
724,2022-06-04 15:00:00,+08:00,"Sewage treatment plant, Zaozhuang (枣庄污水处理厂)",539,34.82,117.5897222,82,82,55,5.1,5.1,58.4,0.1,62.1,27.5,,2
725,2022-06-04 15:00:00,+08:00,"Xuecheng EPA, Zaozhuang (枣庄薛城区环保局)",540,34.79111111,117.2666667,87,87,56,7.1,5.5,61,0.1,63,29.9,,3
726,2022-06-04 15:00:00,+08:00,"Yicheng District government, Zaozhuang (枣庄峄城区政府)",541,34.77388889,117.5708333,78,78,56,3.6,4.6,50.6,0.1,62.1,27.5,,2
727,2022-06-04 15:00:00,+08:00,"Taierzhuang EPA, Zaozhuang (枣庄台儿庄环保局)",542,34.58055556,117.7352778,72,72,47,4.6,4.6,47.2,0.1,63,29.9,,3
728,2022-06-04 15:00:00,+08:00,"Shanting EPA, Zaozhuang (枣庄山亭区环保局)",543,35.07083333,117.4516667,68,68,36,4.1,7.4,61,0.1,62.1,27.5,,2
729,2022-06-04 15:00:00,+08:00,"City EPA, Zaozhuang (枣庄市环保局)",544,34.81027778,117.3147222,87,87,52,10.2,6.4,69.5,0.1,63,29.9,,3
730,2022-06-04 15:00:00,+08:00,"High-tech zone, Zaozhuang (枣庄高新区)",545,34.8225,117.3575,72,72,50,8.2,5.1,55.8,0.1,63,29.9,,3
731,2022-06-04 15:00:00,+08:00,"City EPA, Dongying (东营市环保局)",546,37.43138889,118.6672222,72,72,42,8.2,1.9,67.5,0.1,69,25.6,1.4,4
732,2022-06-04 14:00:00,+08:00,"Vocational College, Dongying (东营职业学院)",548,37.43805556,118.625,76,76,50,4.6,1.4,71.4,0.1,69,25.6,1.4,4
733,2021-11-14 09:00:00,+08:00,"Xianhe Oil Production Plant, Dongying (东营现河采油厂)",549,37.44166667,118.5044444,155,155,84,7.1,26.1,7.4,0.1,65.9,24.9,,2
734,2020-11-17 17:00:00,+08:00,"Gengjin village, Dongying (东营耿井村)",550,37.44444444,118.5527778,160,160,81,4.1,37.1,8.2,0.1,76.9,14.4,,1
735,2021-03-03 16:00:00,+08:00,"City environmental company, Dongying (东营市环保公司)",551,37.46583333,118.5022222,87,87,55,5.1,9.6,39.8,0.1,31.1,14.6,0.1,6
736,2022-06-04 15:00:00,+08:00,"Shènglì hospital, Dongying (东营胜利医院)",552,37.47222222,118.6408333,70,59,43,4.1,3.2,69.5,0.1,69,25.6,1.4,4
737,2022-06-04 15:00:00,+08:00,"Hekou  district, Dongying (东营河口区)",553,37.88305556,118.5163889,97,97,59,9.7,6.4,79.3,0.1,60.2,30.5,,3
738,2022-06-04 15:00:00,+08:00,"BDA, Dongying (东营开发区)",554,37.43444444,118.6961111,69,61,42,8.2,1.4,68.8,0.1,69,25.6,1.4,4
739,2022-06-04 16:00:00,+08:00,"Bearing Factory, Yantai (烟台轴承厂)",555,37.54311096,121.371706,50,50,22,2.1,1.4,35.4,0.1,67.5,15,,2.5
740,2022-06-04 15:00:00,+08:00,"Xijiao Chemical Station, Yantai (烟台西郊化工站)",556,37.546224,121.3185607,55,55,29,2.1,1,31.7,0.1,68.3,14.4,,3.3
741,2022-06-04 15:00:00,+08:00,"Lǔdōng Univertity, Yantai (烟台鲁东大学)",557,37.52368316,121.3553673,63,63,35,4.1,2.8,32.9,0.1,68,14.4,,4
742,2022-06-04 15:00:00,+08:00,"Fushan Monitoring Stations, Yantai (烟台福山区监测站)",558,37.47141415,121.2550926,61,61,31,0.6,2.3,35,0.1,68.7,14.5,,3.7
743,2022-06-04 15:00:00,+08:00,"Mouping EPA, Yantai (烟台牟平区环保局)",559,37.37605485,121.5817255,61,61,27,3.6,1.4,37,0.1,68,14.4,,4
744,2022-06-04 15:00:00,+08:00,"Laishan EPA, Yantai (烟台莱山区环保局)",560,37.47743887,121.4430704,74,74,29,3.1,0.5,34.2,0.1,68,14.4,,4
745,2022-06-04 15:00:00,+08:00,"Laishan Shengquan Industrial Park, Yantai (烟台莱山盛泉工业园)",561,37.42609554,121.4031242,63,63,32,3.1,1,31.7,0.1,68,14.4,,4
746,2022-06-04 15:00:00,+08:00,"China Agricultural University, Yantai (烟台中国农业大学)",562,37.42276743,121.5068398,55,55,20,2.1,3.7,35,0.1,68.7,14.5,,3.7
747,2022-06-04 14:00:00,+08:00,"BDA EPA, Yantai (烟台开发区环保局)",563,37.5599778,121.2529217,65,65,36,4.6,0.5,36.6,0.1,67.5,14.4,,5
748,2022-06-04 15:00:00,+08:00,"BDA zone B, Yantai (烟台开发区B 区)",564,37.60240665,121.1421659,53,53,37,2.6,2.3,33.8,0.1,68.3,14.4,,3.3
749,2022-06-04 15:00:00,+08:00,"Dajijia, Yantai (烟台大季家)",565,37.67283315,121.0662505,59,59,26,1.1,2.3,30.5,0.1,68,14.4,,4
750,2022-06-04 15:00:00,+08:00,"Liújiāyuán, Weifang (潍坊刘家园)",566,36.73055556,119.0919444,61,61,25,1.1,3.7,38.6,0.1,69,25.6,1.4,4
751,,+08:00,"BDA, Weifang (潍坊经济开发区)",567,36.71955556,119.0481667,-,,,,,,,72.8,0.1,,2
752,2022-06-04 15:00:00,+08:00,"Business School, Weifang (潍坊商校)",568,36.68194444,119.0999444,55,55,37,2.1,2.8,37.4,0.1,69,25.6,1.4,4
753,2021-12-09 22:00:00,+08:00,"Hanting District, Weifang (潍坊寒亭区)",569,36.77305556,119.1938889,161,161,74,4.1,34.8,1.3,0.1,63,26.1,,3
754,2022-06-04 15:00:00,+08:00,"Gongda Company, Weifang (潍坊共达公司)",570,36.65722222,119.1613889,55,55,22,3.1,2.8,35.8,0.1,69,25.6,1.4,4
755,2022-06-04 15:00:00,+08:00,"City EPA, Weifang (潍坊市环保局)",571,36.70083333,119.1625,55,55,25,3.6,2.3,37.4,0.1,69,25.6,1.4,4
756,2021-01-05 13:00:00,+08:00,"City Arbitration Committee, Weifang (潍坊市仲裁委)",572,36.70194444,119.14,42,42,33,5.1,5.5,24,0.1,37,-2.7,99.9,3
757,2020-07-07 16:00:00,+08:00,"Xinhui Group, Weifang (潍坊鑫汇集团)",573,36.64111111,119.1108333,68,68,35,3.6,3.7,64.9,0.1,53,31,99,3
758,2022-06-04 15:00:00,+08:00,"Jincheng Middle School, Weifang (潍坊锦程中学)",574,36.77305556,119.1095667,55,55,33,2.1,5.5,35.4,0.1,69,25.6,1.4,4
759,2020-04-19 20:00:00,+08:00,"City Monitoring Station, Jining (济宁市监测站)",575,35.40888889,116.6186111,134,134,57,1.6,17.4,48.4,0.1,57.9,17.6,99.6,2
760,2020-02-25 00:00:00,+08:00,"Shengdi Hollidays Resort, Jining (济宁圣地度假村)",576,35.42505556,116.6936111,174,174,81,2.6,23.8,4.1,0.1,98,8.9,0.1,1
761,2022-05-31 23:00:00,+08:00,"Sewage treatment plant, Jining (济宁污水处理厂)",577,35.36477778,116.6038889,76,76,59,7.6,6.9,58.4,0.1,31,28.6,,3
762,2022-06-04 15:00:00,+08:00,"Electrochemical Factory, Jining (济宁电化厂)",578,35.39088889,116.5476111,61,61,45,3.1,3.2,51.9,0.1,49.9,30.2,,1
763,2022-06-04 15:00:00,+08:00,"Rencheng BDA, Jining (济宁任城开发区)",579,35.39088889,116.6576111,117,117,45,7.6,6.4,51.3,0.1,49.9,30.2,,1
764,2022-06-04 15:00:00,+08:00,"Agricultural School, Jining (济宁农业学校)",580,35.44277778,116.5963889,104,104,63,5.6,6,65.6,0.1,49.9,30.2,,1
765,2022-06-04 15:00:00,+08:00,"BDA Huojucheng, Jining (济宁开发区火炬城)",581,35.43677778,116.6376111,91,91,51,4.1,3.2,63,0.1,49.9,30.2,,1
766,2022-06-04 16:00:00,+08:00,"Taishan monitoring station, Taian (泰安泰山监测站)",582,36.19416667,117.1536111,104,104,61,4.6,6.9,92.3,0.1,76.8,20.4,,2
767,2022-06-04 15:00:00,+08:00,"Shandong Electric Power School, Taian (泰安山东电力学校)",583,36.17583333,117.1180556,89,89,59,3.1,3.2,83.8,0.1,76.8,20.4,,2
768,2022-06-04 15:00:00,+08:00,"Population Education school, Taian (泰安人口学校)",584,36.19416667,117.0980556,112,112,56,4.1,5.5,90.3,0.1,76.8,20.4,,2
769,2022-06-04 15:00:00,+08:00,"Houfeng company, Taian (泰安厚丰公司)",585,36.20472222,117.1841667,92,87,61,3.1,4.6,92.3,0.1,76.8,20.4,,2
770,2020-02-25 00:00:00,+08:00,"Nongda new campus, Taian (泰安农大新校)",586,36.17,117.1591667,174,174,81,2.6,23.8,4.1,0.1,99.3,5.7,1.3,4
771,2022-06-04 15:00:00,+08:00,"Transportation technical school, Taian (泰安交通技校)",587,36.20194444,117.0411111,94,76,53,4.1,6,94.2,0.1,76.8,20.4,,2
772,2022-06-04 15:00:00,+08:00,"ICT Technology, Taian (泰安信通科技)",588,36.11638889,117.1013889,93,80,65,5.1,5.5,92.9,0.1,76.8,20.4,,2
773,2022-06-04 15:00:00,+08:00,"City Environmental Monitoring Station, Weihai (威海市环境监测站)",589,37.51292649,122.0620045,85,85,31,4.1,2.8,40.3,0.1,68,14.4,,4
774,2022-06-04 15:00:00,+08:00,"Woodworking Factory, Weihai (威海木工机械厂)",590,37.32453537,122.1558142,53,53,25,2.6,3.7,39.4,0.1,68,14.4,,4
775,2020-08-09 11:00:00,+08:00,"Lantian Hotel, Weihai (威海蓝天宾馆)",591,37.51363425,122.1412574,39,21,39,1.6,8.7,23.2,0.1,95.2,22.7,99.2,4
776,2022-06-04 15:00:00,+08:00,"Zhang village government, Weihai (威海张村政府)",592,37.48458826,122.0444208,63,63,29,1.1,1.9,38.6,0.1,68,14.4,,4
777,2022-06-04 15:00:00,+08:00,"Gao District Bank, Weihai (威海高区交行)",593,37.53392123,122.0512579,57,57,25,3.6,2.3,40.3,0.1,68.3,14.4,,3.3
778,2022-06-04 15:00:00,+08:00,"Huxia technical school, Weihai (威海华夏技校)",594,37.42694682,122.1257714,55,55,47,2.6,2.3,37,0.1,68,14.4,,4
779,2022-06-04 15:00:00,+08:00,"City governement square, Rizhao (日照市政府广场)",595,35.40777778,119.5205556,42,42,13,2.6,1.4,24.8,0.1,100,19.5,99.1,2
780,2022-06-04 15:00:00,+08:00,"Port Authority, Rizhao (日照港务局)",596,35.38166667,119.5486111,50,50,13,1.1,1.4,32.1,0.1,100,19.5,99.1,2
781,2022-06-04 14:00:00,+08:00,"City Monitoring Station, Rizhao (日照市监测站)",597,35.38888889,119.4908333,53,53,13,3.1,3.7,25.2,0.1,100,19.2,99.3,2
782,2022-06-04 15:00:00,+08:00,"Professor Garden, Rizhao (日照教授花园)",598,35.4625,119.5688889,46,46,6,3.1,25.6,30.5,0.1,100,19.5,99.1,2
783,2022-06-04 15:00:00,+08:00,"Vocational and Technical College, Rizhao (日照职业技术学院)",599,35.44222222,119.5327778,50,50,13,3.1,1.4,26,0.1,100,19.5,99.1,2
784,2022-06-04 15:00:00,+08:00,"Lanshan EPA branch, Rizhao (日照岚山环保分局)",600,35.29361111,119.34,61,61,27,2.6,4.6,23.2,0.1,100,19.5,99.1,2
785,2022-06-04 15:00:00,+08:00,"Jinma Industrial Park, Rizhao (日照金马工业园)",601,35.37361111,119.5086111,34,34,13,1.6,8.7,25.2,0.1,100,19.5,99.1,2
786,2021-11-14 09:00:00,+08:00,"Vegetable oil factory, Laiwu (莱芜植物油厂)",602,36.205,117.695,171,171,106,6.1,25.6,1.7,0.1,100,-2,,4.6
787,2020-07-01 09:00:00,+08:00,"Nursing home, Laiwu (莱芜老年公寓)",604,36.26611111,117.6469444,122,122,67,12.2,16.5,32.1,0.1,86.8,21.6,0.2,1
788,2020-07-13 11:00:00,+08:00,"Xinyi middle school, Laiwu (莱芜新一中学)",605,36.245,117.7330556,39,25,10,3.1,5.5,38.6,0.1,92.3,20.7,0.4,1
789,2021-11-14 09:00:00,+08:00,"Risheng International School, Laiwu (莱芜日晟国际学校)",606,36.20805556,117.725,175,175,114,5.6,17.4,9,0.1,100,-2,,4.6
790,2021-11-14 09:00:00,+08:00,"Gangcheng EPA, Laiwu (莱芜钢城区环保局)",607,36.06694444,117.8661111,163,163,96,7.6,21.1,4.5,0.1,48.1,27,,2
791,2022-06-04 15:00:00,+08:00,"Lunan Pharmaceutical Factory, Linyi (临沂鲁南制药厂)",608,35.06222222,118.2938889,93,93,42,2.1,5.1,45.9,0.1,62.1,27.5,,2
792,2022-06-04 15:00:00,+08:00,"Yihe compound, Linyi (临沂沂河小区)",609,35.05722222,118.3416667,104,104,52,3.1,2.3,39.8,0.1,62.1,27.5,,2
793,2020-09-29 19:00:00,+08:00,"Linyi University, Linyi (临沂临沂大学)",610,35.11527778,118.2877778,154,154,84,5.6,23.4,55.2,0.1,55,24.1,99.1,2
794,2022-06-04 15:00:00,+08:00,"City EPA (Nanfang), Linyi (临沂市环保局(南坊))",611,35.10527778,118.3477778,65,65,53,1.1,4.2,45.1,0.1,62.1,27.5,,2
795,2022-06-04 15:00:00,+08:00,"Xinguang woolen factory, Linyi (临沂新光毛纺厂)",612,34.98166667,118.2763889,68,68,52,2.6,5.1,49.2,0.1,62.1,27.5,,2
796,2022-06-04 15:00:00,+08:00,"Hongfu Baijiu Factory, Linyi (临沂洪福酒业)",613,34.99944444,118.2516667,82,82,38,2.6,3.2,41.5,0.1,62.1,27.5,,2
797,2022-06-04 15:00:00,+08:00,"Hedong insurance company, Linyi (临沂河东保险公司)",614,35.08972222,118.4023333,72,72,47,2.1,2.8,39,0.1,62.1,27.5,,2
798,2021-02-03 17:00:00,+08:00,"Jianghua vehicule center, Linyi (临沂江华汽贸)",615,35.01055556,118.43,192,192,118,7.1,13.8,39.4,0.1,56.1,9.2,,2
799,,+08:00,"Heima group, Dezhou (德州黑马集团)",616,37.46527778,116.3083333,-,,,,,,,97.8,-0.7,99.3,3
800,2022-06-04 15:00:00,+08:00,"Children's amuzment park, Dezhou (德州儿童乐园)",617,37.46638889,116.3061111,99,99,80,8.7,8.3,57.1,0.1,65.1,28.5,,2
801,2022-06-04 15:00:00,+08:00,"Monitoring station, Dezhou (德州监测站)",618,37.43222222,116.3713889,107,107,79,6.1,7.8,53.2,0.1,65.1,28.5,,2
802,2022-06-04 16:00:00,+08:00,"Supervision Station, Dezhou (德州监理站)",619,37.44888889,116.3188889,112,112,79,8.7,9.6,53.9,0.1,65.1,28.5,,2
803,2022-06-04 15:00:00,+08:00,"Huayu technical school, Dezhou (德州华宇技校)",620,37.46194444,116.3516667,109,109,87,6.6,6,55.2,0.1,65.1,28.5,,2
804,2020-02-25 00:00:00,+08:00,"Shuangyi group, Dezhou (德州双一集团)",621,37.47805556,116.3105556,174,174,81,2.6,23.8,4.1,0.1,95.3,7.6,0.7,3
805,2022-06-04 15:00:00,+08:00,"Dongchang District Government, Liaocheng (聊城东昌区政府)",622,36.44444444,115.9661111,98,95,64,6.6,3.7,97.5,0.1,48,32.3,,1
806,,+08:00,"Light Machinery Factory No. 2, Liaocheng (聊城二轻机械厂)",623,36.45666667,115.9966667,-,,,,,,,97.8,-1,99.5,2
807,2022-06-04 15:00:00,+08:00,"City committee communist party school, Liaocheng (聊城市委党校)",624,36.47944444,115.9836111,93,93,63,6.1,6,92.3,0.1,48,32.3,,1
808,2022-06-04 15:00:00,+08:00,"Customs, Liaocheng (聊城海关)",625,36.43194444,115.9513889,97,97,68,4.6,6.9,87.1,0.1,48,32.3,,1
809,2020-02-25 00:00:00,+08:00,"Hongshun Garden, Liaocheng (聊城洪顺花园)",626,36.47111111,115.9547222,174,174,81,2.6,23.8,4.1,0.1,97.3,6.4,0.3,4
810,2022-06-04 15:00:00,+08:00,"BDA, Liaocheng (聊城开发区)",627,36.45916667,116.0377778,97,97,64,4.6,7.4,56.5,0.1,48,32.3,,1
811,2022-06-04 15:00:00,+08:00,"City EPA, Binzhou (滨州市环保局)",628,37.37944444,118.0208333,129,129,71,7.6,4.6,118.1,0.1,60.2,30.5,,3
812,2022-06-04 15:00:00,+08:00,"Beizhong new school, Binzhou (滨州北中新校)",629,37.38305556,117.9830556,109,109,59,6.6,4.6,106.1,0.1,60.2,30.5,,3
813,2022-06-04 15:00:00,+08:00,"No.2 water factory, Binzhou (滨州第二水厂)",630,37.36083333,117.9966667,108,99,63,7.6,5.1,108.1,0.1,60.2,30.5,,3
814,2022-06-04 15:00:00,+08:00,"Keling Chemical factory, Binzhou (滨州科灵化工)",631,37.39555556,117.9377778,85,85,57,8.7,3.7,83.2,0.1,60.2,30.5,,3
815,2020-02-25 00:00:00,+08:00,"Yinhe logistics company, Binzhou (滨州银河物流)",632,37.35555556,117.9375,174,174,81,2.6,23.8,4.1,0.1,95.3,6.9,0.2,4
816,2022-06-04 15:00:00,+08:00,"Bilin compond, Binzhou (滨州碧林小区)",633,37.3675,117.9730556,107,89,70,10.7,3.7,106.6,0.1,60.2,30.5,,3
817,2022-06-04 15:00:00,+08:00,"Bureau of Meteorology, Heze (菏泽气象局)",634,35.24888889,115.4227778,91,91,70,6.6,6.9,87.7,0.1,50.1,31.1,,2
818,2020-02-25 00:00:00,+08:00,"Sewage treatment plant, Heze (菏泽污水处理厂)",635,35.22305556,115.5258333,174,174,81,2.6,23.8,4.1,0.1,86.2,9.9,99.1,2
819,2022-06-04 15:00:00,+08:00,"Municipal CPPCC, Heze (菏泽市政协)",636,35.2375,115.4747222,89,89,70,5.1,7.4,85.1,0.1,50.1,31.1,,2
820,2022-06-04 15:00:00,+08:00,"Mǔdān high-tech zone, Heze (菏泽牡丹高新区)",637,35.24361111,115.4086111,90,87,63,5.6,7.8,89.7,0.1,50.1,31.1,,2
821,2022-06-04 15:00:00,+08:00,"Huarun Pharmaceutical Company, Heze (菏泽华润制药)",638,35.26194444,115.5191667,78,76,64,5.1,7.8,78,0.1,50.1,31.1,,2
822,2021-03-03 16:00:00,+08:00,"Heze University, Heze (菏泽菏泽学院)",639,35.27,115.455,87,87,55,2.6,6.9,43.5,0.1,41,14.4,1.3,5
823,2021-11-14 08:00:00,+08:00,"City EPA, Laiwu (莱芜市环保局)",640,36.22888889,117.6888889,113,175,113,9.2,25.2,3.7,0.1,100,-2,,4.6
824,2022-06-04 15:00:00,+08:00,"No. 4, Huangdao District, Huangdao District (黄岛区黄岛区4号)",10227,35.876078,120.035032,32,21,9,3.1,2.3,32.1,0.1,88,21,,6.6
825,2022-06-04 15:00:00,+08:00,"No. 1 West of Huangdao District, Huangdao District (黄岛区黄岛区西部1号)",10228,36.872222,120.015833,34,34,5,7.6,1.9,33.8,0.1,88,21,,6.6
826,2022-06-04 15:00:00,+08:00,"Laoshan district sub-station, Laoshan District (崂山区崂山区子站)",10229,36.091009,120.465427,33,21,5,3.6,3.2,32.9,0.1,88,21,,6.6
827,2022-06-04 15:00:00,+08:00,"Laoshan District Central, Laoshan District (崂山区崂山区中部)",10230,36.090925,120.47547,38,38,5,2.6,2.3,32.9,0.1,88,21,,6.6
828,2020-12-02 16:00:00,+08:00,"Southern Lishui District, Lisong District (李沧区李沧区南部)",10231,36.1451864,120.42866,151,151,57,0.6,22.9,7,0.1,80,4,,3.6
829,2022-06-04 15:00:00,+08:00,"No. 3, Lisong District, Lisong District (李沧区李沧区3号)",10232,36.1788,120.448065,31,25,7,3.1,2.3,30.5,0.1,88,21,,6.6
830,2022-06-04 15:00:00,+08:00,"Southern part of Chengyang District, Chengyang District (城阳区城阳区南部)",10233,36.257319,120.45776,22,21,2,0.6,1.4,22.4,0.1,88,21,,6.6
831,2022-06-04 16:00:00,+08:00,"Jiaozhou No. 1, Jiaozhou City (胶州市胶州1号)",10234,36.27582778,120.01977778,53,53,20,2.1,4.6,30.5,0.1,88,21,,4.6
832,2022-06-04 15:00:00,+08:00,"Jiaozhou 2, Jiaozhou City (胶州市胶州2号)",10235,36.252778,120.014167,29,17,8,2.1,7.8,29.3,0.1,88,21,,6.6
833,2022-06-04 15:00:00,+08:00,"Jimo 1, Jimo City (即墨市即墨1号)",10236,36.379722,120.416389,38,38,47,3.1,4.6,26.4,0.1,88,21,,6.6
834,2022-06-04 15:00:00,+08:00,"Jimo 2, Jimo City (即墨市即墨2号)",10237,36.403333,120.501389,33,5,5,1.6,2.8,32.9,0.1,88,21,,6.6
835,2022-06-04 15:00:00,+08:00,"Pingdu No. 1, Pingdu City (平度市平度1号)",10238,36.790556,119.944722,38,38,17,3.1,3.7,33.3,0.1,88,21,,6.6
836,2022-06-04 15:00:00,+08:00,"Pingdu 2, Pingdu City (平度市平度2号)",10239,36.798611,119.975833,63,63,30,3.6,6.4,28.1,0.1,88,21,,6.6
837,2022-06-04 15:00:00,+08:00,"lái xī 1 hào, Laixi City (莱西市莱西1号)",10240,36.864444,120.536667,50,50,18,2.6,2.8,29.3,0.1,88,21,,6.6
838,2022-06-04 15:00:00,+08:00,"lái xī 2 hào, Laixi City (莱西市莱西2号)",10241,36.888611,120.53,50,50,11,1.6,0.5,25.6,0.1,88,21,,6.6
839,2022-06-04 15:00:00,+08:00,"High school, Lixia District (历下区高新学校)",10242,36.64611111,117.1655556,102,102,58,3.6,5.5,95.5,0.1,35.9,33.1,,3
840,2022-06-04 16:00:00,+08:00,"zhǎng qīng dàxué chéng, Zhangqing District (长清区长清大学城)",10243,36.532453,116.793713,96,70,59,4.1,4.6,96.2,0.1,35.9,33.1,,3
841,2022-06-04 16:00:00,+08:00,"Zhangqiucheng District, Zhangqiu City (章丘市章丘城区)",10244,36.687222,117.5375,112,72,65,5.1,6.4,112.1,0.1,35.9,33.1,,3
842,2022-06-04 09:00:00,+08:00,"Zhangqiu Development Zone, Zhangqiu City (章丘市章丘开发区)",10245,36.676389,117.512778,82,82,61,5.6,9.2,29.7,0.1,53.1,27.4,,2
843,2022-06-04 15:00:00,+08:00,"Business college, High-tech zone (高新区商职学院)",10246,36.635446,117.265095,88,74,67,5.1,10.1,88.4,0.1,35.9,33.1,,3
844,2022-06-04 15:00:00,+08:00,"Pingyin District, Pingyin County (平阴县平阴城区)",10247,36.283333,116.459722,109,109,68,5.6,11,88.4,0.1,76.8,20.4,,2
845,2022-06-04 15:00:00,+08:00,"Pingyin Development Zone, Pingyin County (平阴县平阴开发区)",10248,36.292222,116.478056,94,91,56,7.6,9.2,93.6,0.1,76.8,20.4,,2
846,2022-06-04 15:00:00,+08:00,"Jiyang City, Jiyang County (济阳县济阳城区)",10249,36.971944,117.190833,89,89,68,6.6,6,74,0.1,35.9,33.1,,3
847,2022-06-04 15:00:00,+08:00,"Jiyang Development Zone, Jiyang County (济阳县济阳开发区)",10250,36.985833,117.155,93,93,67,6.1,4.6,92.9,0.1,35.9,33.1,,3
848,2022-06-04 15:00:00,+08:00,"Shanghe District, Shanghe County (商河县商河城区)",10251,37.316667,117.163889,99,99,69,5.1,6,60.4,0.1,60.2,30.5,,3
849,2022-06-04 15:00:00,+08:00,"Shanghe Development Zone, Shanghe County (商河县商河开发区)",10252,37.264167,117.138611,99,99,68,5.1,6.4,77.3,0.1,60.2,30.5,,3
850,2022-05-30 12:00:00,+08:00,"huán tái huá gōu, Huantai County (桓台县桓台华沟)",10253,36.931389,118.08,65,65,32,7.1,5.1,50,0.1,65.5,29,,6.6
851,2022-06-04 15:00:00,+08:00,"huán tái jǐn qiū, Huantai County (桓台县桓台锦秋)",10254,36.960278,118.076111,115,85,56,5.1,3.7,115.1,0.1,60.2,30.5,,3
852,2022-06-04 15:00:00,+08:00,"Gaoqinglu Lake, Gaoqing County (高青县高青芦湖)",10255,37.209167,117.887222,99,87,55,3.6,5.5,98.8,0.1,60.2,30.5,,3
853,2022-06-04 15:00:00,+08:00,"Gaoqingtian Town, Gaoqing County (高青县高青田镇)",10256,37.18,117.915833,96,68,44,3.6,4.6,95.5,0.1,60.2,30.5,,3
854,2022-06-04 15:00:00,+08:00,"Wuyuan Lishan, Wuyuan County (沂源县沂源历山)",10257,36.208056,118.157778,85,85,51,1.1,3.2,67.5,0.1,43.1,30,0.7,2
855,2022-06-04 15:00:00,+08:00,"Wuyuan Nanma, Wuyuan County (沂源县沂源南麻)",10258,36.205556,118.140278,97,97,53,3.6,6,71.4,0.1,43.1,30,0.7,2
856,2022-06-04 15:00:00,+08:00,"Tengzhou Beixin Middle School, Tengzhou City (滕州市滕州北辛中学)",10259,35.09974,117.166348,82,82,63,3.1,2.8,58.4,0.1,49.9,30.2,,1
857,2022-06-04 15:00:00,+08:00,"Tengzhou Planning Bureau, Tengzhou City (滕州市滕州市规划局)",10260,35.64851,117.94624,95,95,56,3.1,1,57.1,0.1,62.1,27.5,,2
858,2022-06-04 15:00:00,+08:00,"Tengzhou New Second Middle School, Tengzhou City (滕州市滕州新二中)",10261,35.038775,117.182015,89,89,60,0.6,0.5,29.7,0.1,49.9,30.2,,1
859,2022-06-04 15:00:00,+08:00,"Kenli District Environmental Protection Bureau, Kenli District (垦利区垦利区环保局)",10262,37.566389,118.5725,60,55,53,5.6,4.6,60.4,0.1,60.2,30.5,,3
860,2022-06-04 15:00:00,+08:00,"Minfeng Lake, Kenli District, Kenli District (垦利区垦利区民丰湖)",10263,37.5493,118.5674,74,74,44,3.1,7.8,70.1,0.1,60.2,30.5,,3
861,2022-06-04 16:00:00,+08:00,"Lijin Ecological Park, Lijin County (利津县利津生态园)",10264,37.504167,118.252222,92,89,57,4.1,2.8,92.3,0.1,60.2,30.5,,3
862,2022-06-04 15:00:00,+08:00,"Phoenix Square, Lijin County, Lijin County (利津县利津县凤凰广场)",10265,37.481944,118.242778,90,82,53,3.1,6.4,90.3,0.1,60.2,30.5,,3
863,2022-06-04 15:00:00,+08:00,"Guangrao Sun Wuhu, Guangrao County (广饶县广饶孙武湖)",10266,37.047778,118.431389,87,87,57,4.1,2.8,83.2,0.1,69,25.6,1.4,4
864,2022-06-04 15:00:00,+08:00,"Jingouzhai, Zhifu District (芝罘区金沟寨)",10267,37.530112,121.430478,72,72,39,1.1,2.3,29.7,0.1,68.3,14.4,,3.3
865,2022-06-04 15:00:00,+08:00,"zhǎngdǎo dàtóu shān, Zhangdao County (长岛县长岛大头山)",10268,37.989722,120.695833,57,57,48,3.1,3.2,33.8,0.1,62,18.3,,1
866,2022-06-04 15:00:00,+08:00,"Longkou Mining Bureau, Longkou City (龙口市龙口矿务局)",10269,37.619444,120.319722,65,65,38,2.1,3.2,29.7,0.1,68.2,25.7,0.6,6
867,2022-06-04 15:00:00,+08:00,"Longkou Nanshan District, Longkou City (龙口市龙口南山区)",10270,37.5767,120.4781,63,63,26,4.6,1.9,29.7,0.1,68.2,25.7,0.6,6
868,2022-06-04 15:00:00,+08:00,"Longkou City Government, Longkou City (龙口市龙口市政府)",10271,37.644444,120.473056,53,53,33,7.1,2.8,35.4,0.1,68.2,25.7,0.6,6
869,2020-12-25 13:00:00,+08:00,"Laiyang Development Zone, Laiyang City (莱阳市莱阳开发区)",10272,36.951944,120.634444,127,127,66,7.1,9.2,26,0.1,39,7,,4.6
870,2022-06-04 15:00:00,+08:00,"Laiyang Agricultural College, Laiyang City (莱阳市莱阳农学院)",10273,36.9775,120.714722,97,97,10,2.1,1.4,27.7,0.1,88,21,,6.6
871,2022-06-04 15:00:00,+08:00,"Laizhou EPA, Laizhou City (莱州市莱州环保局)",10274,37.1875,119.956944,46,46,17,2.1,3.2,34.2,0.1,68.2,25.7,0.6,6
872,2022-06-04 15:00:00,+08:00,"Laizhou Municipal Government, Laizhou City (莱州市莱州市政府)",10275,37.176667,119.940556,53,53,19,2.1,4.2,32.1,0.1,68.2,25.7,0.6,6
873,2022-06-04 15:00:00,+08:00,"Penglai EPA, Penglai City (蓬莱市蓬莱环保局)",10276,37.808611,120.7725,59,59,36,1.6,1.9,34.6,0.1,65,26.1,99.6,6
874,2022-06-04 15:00:00,+08:00,"Penglai Shahe Bridge, Penglai City (蓬莱市蓬莱沙河桥)",10277,37.7983,120.8022,40,5,40,2.6,2.3,33.3,0.1,65,26.1,99.6,6
875,2022-06-04 15:00:00,+08:00,"Zhaoyuan EPA, Zhaoyuan City (招远市招远环保局)",10278,37.373611,120.398611,59,59,29,2.6,3.7,28.1,0.1,68.2,25.7,0.6,6
876,2022-06-04 15:00:00,+08:00,"Zhaoyuan New One, Zhaoyuan City (招远市招远新一中)",10279,37.361944,120.429722,61,61,15,2.6,2.3,30.9,0.1,68.2,25.7,0.6,6
877,2022-06-04 15:00:00,+08:00,"Qixia Finance Bureau, Qixia City (栖霞市栖霞财政局)",10280,37.336944,120.842222,42,42,24,3.1,2.3,34.2,0.1,68.2,25.7,0.6,6
878,2022-06-04 15:00:00,+08:00,"Qixia Environmental Protection Bureau, Qixia City (栖霞市栖霞环保局)",10281,37.306944,120.836944,59,59,44,3.6,3.7,32.5,0.1,68.2,25.7,0.6,6
879,2022-06-04 15:00:00,+08:00,"Haiyang Environmental Protection Bureau, Haiyang City (海阳市海阳环保局)",10282,36.794167,121.150556,53,53,24,2.1,4.2,32.9,0.1,88,21,,6.6
880,2022-06-04 16:00:00,+08:00,"Haiyang Development Zone, Haiyang City (海阳市海阳开发区)",10283,36.735,121.196944,57,57,26,2.6,4.2,34.6,0.1,88,21,,4.6
881,2022-06-04 13:00:00,+08:00,"Yucheng District Government, Wucheng District (潍城区潍城区政府)",10284,36.72790499,119.01907121,59,59,48,2.6,3.2,42.3,0.1,82.1,22.1,1.4,4
882,2022-06-04 15:00:00,+08:00,"Linyi Waterworks, Linyi County (临朐县临朐自来水厂)",10285,36.50001,118.51996,75,55,46,2.6,2.3,74.7,0.1,43.1,30,0.7,2
883,2022-06-04 15:00:00,+08:00,"Changle Sports Bureau, Changle County (昌乐县昌乐体育局)",10286,36.730278,118.833611,65,65,42,3.1,3.7,39.8,0.1,69,25.6,1.4,4
884,2022-06-04 15:00:00,+08:00,"chāng lè wǔ tú, Changle County (昌乐县昌乐五图)",10287,36.6848,118.8779,63,63,35,2.1,3.2,42.7,0.1,69,25.6,1.4,4
885,2022-06-04 15:00:00,+08:00,"Weifang College, High-tech Development Zone (高新开发区潍坊学院)",10288,36.71627836,119.17448756,53,53,20,2.6,2.3,34.2,0.1,69,25.6,1.4,4
886,2022-06-04 16:00:00,+08:00,"Qingzhou Monitoring Station, Qingzhou City (青州市青州监测站)",10289,36.681389,118.490833,72,72,46,5.6,3.2,71.4,0.1,69,25.6,1.4,4
887,2022-06-04 15:00:00,+08:00,"Qingzhou Shuangbei Stadium, Qingzhou City (青州市青州双贝体育场)",10290,36.65739,118.45581,72,72,42,4.6,2.8,65.6,0.1,43.1,30,0.7,2
888,2022-06-04 15:00:00,+08:00,"Zhucheng Technical School, Zhucheng (诸城市诸城技工学校)",10292,36.0449,119.4044,40,30,40,4.6,1.9,29.3,0.1,88,21,,6.6
889,2022-06-04 14:00:00,+08:00,"Shouguang Monitoring Station, Shouguang City (寿光市寿光监测站)",10293,36.868333,118.735278,68,68,42,3.1,3.2,53.9,0.1,69,25.6,1.4,4
890,2022-06-04 15:00:00,+08:00,"Shouguang Business District, Shouguang City (寿光市寿光商务小区)",10294,36.858611,118.786667,59,59,44,3.6,2.8,54.5,0.1,69,25.6,1.4,4
891,2022-06-04 15:00:00,+08:00,"Anqiu Qingyun Lake Community, Anqiu City (安丘市安丘青云湖小区)",10295,36.478889,119.222778,46,46,26,2.1,1,31.3,0.1,69,25.6,1.4,4
892,2022-06-04 16:00:00,+08:00,"Anqiu Qingyun Mountain, Anqiu City (安丘市安丘青云山)",10296,36.436944,119.240278,29,21,13,2.1,1.9,28.5,0.1,69,25.6,1.4,4
893,2022-06-04 15:00:00,+08:00,"Gaomi University City, Gaomi City (高密市高密大学城)",10297,36.3432,119.7478,32,13,8,2.6,3.7,32.1,0.1,88,21,,6.6
894,2022-06-04 15:00:00,+08:00,"Gaomi Sports Bureau, Gaomi City (高密市高密体育局)",10298,36.358889,119.801667,30,30,12,2.6,8.7,27.7,0.1,88,21,,4.6
895,2022-06-04 15:00:00,+08:00,"Changyi Highway Bureau, Changyi City (昌邑市昌邑公路局)",10299,36.842222,119.390278,31,25,18,3.6,4.6,30.5,0.1,69,25.6,1.4,4
896,2022-06-04 15:00:00,+08:00,"Changyi Yizhong, Changyi City (昌邑市昌邑一中)",10300,36.858611,119.431389,63,63,18,3.1,2.3,29.7,0.1,69,25.6,1.4,4
897,2022-06-04 15:00:00,+08:00,"Zhangzhou Education Bureau, Yinzhou District (兖州区兖州教体局)",10301,35.555854,116.786949,76,76,50,5.1,8.7,70.1,0.1,49.9,30.2,,1
898,2022-06-04 15:00:00,+08:00,"Zhangzhou Jiuyi Hospital, Yinzhou District (兖州区兖州九一医院)",10302,35.558611,116.844167,82,82,52,4.1,5.1,80.6,0.1,49.9,30.2,,1
899,2022-06-04 15:00:00,+08:00,"Zhangzhou Normal South School, Yinzhou District (兖州区兖州师范南校)",10303,35.531389,116.817222,76,76,50,3.6,3.2,75.3,0.1,49.9,30.2,,1
900,2022-06-04 15:00:00,+08:00,"Weishan Old Agricultural Bureau, Weishan County (微山县微山老农业局)",10304,34.810556,117.130833,117,117,56,2.1,4.2,59.7,0.1,63,29.9,,3
901,2022-06-04 16:00:00,+08:00,"Weishan Rongshang Group, Weishan County (微山县微山荣商集团)",10305,34.790556,117.144722,82,82,48,2.1,2.8,64.9,0.1,63,29.9,,3
902,2022-06-04 15:00:00,+08:00,"Yutai Development Zone, Yutai County (鱼台县鱼台开发区)",10306,35.019167,116.657778,85,85,58,4.6,6.4,63,0.1,49.9,30.2,,1
903,2022-06-04 15:00:00,+08:00,"Yutai old government, Yutai County (鱼台县鱼台老政府)",10307,34.996111,116.6475,87,87,56,4.6,4.6,64.3,0.1,49.9,30.2,,1
904,2022-06-04 15:00:00,+08:00,"college of education, Jinxiang County (金乡县教育学院)",10308,35.081667,116.294167,109,109,52,3.6,4.2,75.3,0.1,50.1,31.1,,2
905,2022-06-04 15:00:00,+08:00,"Jinxiang Wastewater Treatment Plant, Jinxiang County (金乡县金乡污水厂)",10309,35.065278,116.316111,76,76,52,4.6,3.7,72.1,0.1,50.1,31.1,,2
906,2022-06-03 13:00:00,+08:00,"Jiaxiang Construction Bureau, Jiaxiang County (嘉祥县嘉祥建设局)",10310,35.405556,116.341111,109,87,64,4.1,5.1,108.6,0.1,38,33.8,,3
907,2022-06-04 15:00:00,+08:00,"Jiaxiang Meteorological Bureau, Jiaxiang County (嘉祥县嘉祥气象局)",10311,35.413611,116.37,87,87,54,4.1,3.2,57.1,0.1,49.9,30.2,,1
908,2022-06-04 15:00:00,+08:00,"Wenshang Wastewater Treatment Plant, Wenshang County (汶上县汶上污水厂)",10312,35.694444,116.472778,79,72,45,2.6,4.6,78.6,0.1,49.9,30.2,,1
909,2022-06-04 15:00:00,+08:00,"Wenshang Government New District, Wenshang County (汶上县汶上政务新区)",10313,35.702778,116.488056,85,57,48,2.6,6.9,84.5,0.1,49.9,30.2,,1
910,2022-06-04 15:00:00,+08:00,"Surabaya Development Zone, Yishui County (泗水县泗水开发区)",10314,35.664167,117.251944,87,87,30,3.1,4.2,53.2,0.1,49.9,30.2,,1
911,2022-06-04 15:00:00,+08:00,"Surabaya Old Town, Yishui County (泗水县泗水老城区)",10315,35.6525,117.2825,61,34,26,4.1,3.2,61,0.1,49.9,30.2,,1
912,2022-06-04 15:00:00,+08:00,"Liangshan TV Station, Liangshan County (梁山县梁山电视台)",10316,35.801944,116.101944,74,74,52,4.1,2.3,63.6,0.1,48,32.3,,1
913,2022-06-04 15:00:00,+08:00,"Liangshan Meteorological Bureau, Liangshan County (梁山县梁山气象局)",10317,35.811389,116.094722,87,87,49,3.1,3.2,77.3,0.1,48,32.3,,1
914,2022-06-04 15:00:00,+08:00,"Qufu North Gate, Qufu City (曲阜市曲阜北关)",10318,35.612778,116.994722,91,91,35,2.6,2.8,61,0.1,49.9,30.2,,1
915,2022-06-04 15:00:00,+08:00,"Qufu Nanguan, Qufu City (曲阜市曲阜南关)",10319,35.58291899,116.9925683,76,76,44,3.1,2.3,64.9,0.1,49.9,30.2,,1
916,2022-06-04 15:00:00,+08:00,"Zoucheng Development Zone, Zoucheng (邹城市邹城开发区)",10320,35.429444,116.920833,89,89,50,2.6,5.5,71.4,0.1,49.9,30.2,,1
917,2022-06-04 15:00:00,+08:00,"Zoucheng Old Town, Zoucheng (邹城市邹城老城区)",10321,35.411389,116.972222,72,72,48,3.1,3.7,66.2,0.1,49.9,30.2,,1
918,2022-06-04 15:00:00,+08:00,"Zoucheng New Town, Zoucheng (邹城市邹城新城区)",10322,35.405556,116.998889,64,55,26,3.6,2.3,64.3,0.1,49.9,30.2,,1
919,2022-06-04 15:00:00,+08:00,"Ningyang Experimental Middle School, Ningyang County (宁阳县宁阳实验中学)",10323,35.762778,116.802778,112,112,51,3.1,8.3,83.2,0.1,49.9,30.2,,1
920,2022-06-04 15:00:00,+08:00,"Ningyang Vocational Education Center, Ningyang County (宁阳县宁阳职教中心)",10324,35.758333,116.816944,91,91,43,4.6,5.5,76,0.1,49.9,30.2,,1
921,2022-06-04 15:00:00,+08:00,"Dongping Dongping Monitoring Station, Dongping County (东平县东平东平监测站)",10325,35.921944,116.468889,89,89,53,10.7,5.5,76,0.1,49.9,30.2,,1
922,2022-06-04 15:00:00,+08:00,"Dongping Park Management Committee, Dongping County (东平县东平园区管委)",10326,35.93,116.455278,99,99,71,13.7,2.8,91.6,0.1,49.9,30.2,,1
923,2022-06-04 15:00:00,+08:00,"Xintai Weather Station, Xintai City (新泰市新泰气象站)",10327,35.897545,117.795067,72,61,39,4.1,3.7,72.1,0.1,43.1,30,0.7,2
924,2022-06-04 15:00:00,+08:00,"Xinwenzi Station, Xintai City (新泰市新汶子站)",10328,35.87699,117.686348,68,68,33,3.1,1,54.5,0.1,43.1,30,0.7,2
925,2022-06-04 16:00:00,+08:00,"Feicheng Environmental Protection Bureau, Feicheng City (肥城市肥城环保局)",10329,36.181389,116.746667,107,107,54,5.1,11.9,103.1,0.1,76.8,20.4,,2
926,2022-06-04 16:00:00,+08:00,"Feicheng Justice Bureau, Feicheng City (肥城市肥城司法局)",10330,36.177778,116.775556,109,109,52,3.1,4.6,109.1,0.1,76.8,20.4,,2
927,2022-06-04 15:00:00,+08:00,"Wendeng Garden Bureau, Wendeng City (文登市文登园林局)",10331,37.195254,122.062606,59,59,27,1.6,0.5,41.9,0.1,68,14.4,,4
928,2022-06-04 15:00:00,+08:00,"Wendeng Development Zone Substation, Wendeng City (文登市文登开发区子站)",10332,37.2176,122.0693,55,55,40,2.6,5.5,39.8,0.1,68,14.4,,4
929,2022-06-04 15:00:00,+08:00,"Rongcheng Harbin Institute of Technology, Rongcheng City (荣成市荣成哈理工)",10333,37.165,122.505833,46,46,27,1.1,3.2,42.7,0.1,68.3,14.4,,3.3
930,2022-06-04 15:00:00,+08:00,"Rongcheng Yatou Street, Rongcheng City (荣成市荣成崖头街道)",10334,37.170278,122.4425,59,59,35,2.6,2.3,45.5,0.1,68,14.4,,4
931,2022-06-04 15:00:00,+08:00,"Rushan University for the Aged, Rushan City (乳山市乳山老年大学)",10335,36.907222,121.543889,57,57,27,1.6,2.8,41.1,0.1,96.9,19.2,0.2,2
932,2022-06-04 15:00:00,+08:00,"Rushan City Government Substation, Rushan City (乳山市乳山市政府子站)",10336,36.9227,121.5337,46,46,14,2.1,5.1,35.8,0.1,96.9,19.2,0.2,2
933,2022-06-04 15:00:00,+08:00,"Wulian Lianhai, Wulian County (五莲县五莲莲海学)",10337,35.741111,119.215556,61,61,17,2.1,3.7,28.1,0.1,100,19.5,99.1,2
934,2022-06-04 15:00:00,+08:00,"wǔ lián shíyàn xué, Wulian County (五莲县五莲实验学)",10338,35.757222,119.210556,61,61,20,3.1,3.7,26.9,0.1,100,19.5,99.1,2
935,2022-06-04 15:00:00,+08:00,"Jinboyuan, Jixian County, Ju County (莒县莒县金波苑)",10339,35.641667,118.846667,63,63,28,3.1,4.6,32.9,0.1,100,19.5,99.1,2
936,2022-06-04 15:00:00,+08:00,"Yuejia Village, Ji County, Ju County (莒县莒县岳家村)",10340,35.5925,118.862778,63,63,26,3.1,6,30.5,0.1,100,19.5,99.1,2
937,2022-06-04 16:00:00,+08:00,"Weinan Monitoring Station, Yinan County (沂南县沂南监测站)",10341,35.556976,118.450901,59,59,33,3.6,3.7,52.6,0.1,62.1,27.5,,2
938,2022-06-04 15:00:00,+08:00,"Weinan Development Zone, Yinan County (沂南县沂南开发区)",10342,35.553959,118.5223,78,78,52,3.6,4.2,50,0.1,62.1,27.5,,2
939,2022-06-04 16:00:00,+08:00,"Yucheng Monitoring Station, Tancheng County (郯城县郯城监测站)",10343,34.623383,118.411226,74,74,44,11.2,1.9,45.1,0.1,82.9,24.8,,4
940,2022-06-04 15:00:00,+08:00,"Yucheng Development Zone, Tancheng County (郯城县郯城开发区)",10344,34.640243,118.313725,74,74,48,5.1,4.6,43.5,0.1,62.1,27.5,,2
941,2022-06-04 15:00:00,+08:00,"Surabaya monitoring station, Yishui County (沂水县沂水监测站)",10345,35.19541,118.625885,68,68,33,3.1,13.3,27.3,0.1,82.9,24.8,,4
942,2022-06-04 15:00:00,+08:00,"Surabaya Development Zone, Yishui County (沂水县沂水开发区)",10346,35.759922,118.592156,76,76,31,4.1,4.6,42.3,0.1,43.1,30,0.7,2
943,2022-06-04 15:00:00,+08:00,"Lanling Monitoring Station, Lanling County (兰陵县兰陵监测站)",10347,34.853106,118.049933,70,70,44,2.1,0.5,41.9,0.1,62.1,27.5,,2
944,2022-06-04 15:00:00,+08:00,"Feixian Monitoring Station, Feixian (费县费县监测站)",10348,35.2541,117.966256,87,87,52,3.6,6.9,59.7,0.1,62.1,27.5,,2
945,2022-06-04 15:00:00,+08:00,"Feixian Development Zone, Feixian (费县费县开发区)",10349,35.280751,118.042186,89,89,56,4.1,4.6,63.6,0.1,62.1,27.5,,2
946,2022-06-04 15:00:00,+08:00,"Pingyi monitoring station, Pingyi County (平邑县平邑监测站)",10350,35.516189,117.608061,71,55,46,3.6,3.7,71.4,0.1,62.1,27.5,,2
947,2022-06-04 15:00:00,+08:00,"Pingyi Development Zone, Pingyi County (平邑县平邑开发区)",10351,35.474806,117.656622,57,50,44,1.6,2.8,57.1,0.1,62.1,27.5,,2
948,2022-06-04 16:00:00,+08:00,"Weinan Monitoring Station, Yinan County (莒南县莒南监测站)",10352,35.19541,118.853935,102,102,51,2.6,11,35,0.1,82.9,24.8,,4
949,2022-06-04 15:00:00,+08:00,"Weinan Development Zone, Yinan County (莒南县莒南开发区)",10353,35.209131,118.810625,122,122,57,2.6,7.8,30.9,0.1,82.9,24.8,,4
950,2022-06-04 15:00:00,+08:00,"Mengyin monitoring station, Mengyin County (蒙阴县蒙阴监测站)",10354,35.719475,117.947958,95,95,41,3.6,4.2,68.8,0.1,62.1,27.5,,2
951,2022-06-04 15:00:00,+08:00,"Mengyin Development Zone, Mengyin County (蒙阴县蒙阴开发区)",10355,35.691358,117.988572,72,72,38,4.1,4.6,70.8,0.1,62.1,27.5,,2
952,2022-06-04 15:00:00,+08:00,"Linyi Monitoring Station, Linyi County (临沭县临沭监测站)",10356,34.899985,118.655871,65,65,52,2.6,4.6,36.2,0.1,82.9,24.8,,4
953,2022-06-04 15:00:00,+08:00,"Linyi Development Zone, Linyi County (临沭县临沭开发区)",10357,34.940952,118.619707,78,78,40,3.6,7.8,39,0.1,82.9,24.8,,4
954,2022-06-04 16:00:00,+08:00,"Jiuyi Spring Pure Water Factory, Decheng District (德城区九衢泉纯净水厂)",10358,37.449167,116.274722,109,109,79,5.1,9.2,59.7,0.1,65.1,28.5,,2
955,2022-06-04 16:00:00,+08:00,"Lingcheng Art Center, Lingcheng District (陵城区陵城艺术中心)",10359,37.329209,116.580961,97,97,79,5.1,7.8,63,0.1,65.1,28.5,,2
956,2022-06-04 15:00:00,+08:00,"Lingcheng Lingxian No.1 Middle School, Lingcheng District (陵城区陵城陵县一中)",10360,37.348056,116.544167,99,99,68,5.1,6.4,61.7,0.1,65.1,28.5,,2
957,2022-06-04 15:00:00,+08:00,"Ningjin Huining Lake, Ningjin County (宁津县宁津惠宁湖)",10361,37.597456,116.756814,117,117,79,9.7,5.5,55.2,0.1,65.1,28.5,,2
958,2022-06-04 15:00:00,+08:00,"Ningjin Kangning Lake Park, Ningjin County (宁津县宁津康宁湖公园)",10362,37.627222,116.796667,82,82,63,8.7,4.6,45.9,0.1,65.1,28.5,,2
959,2022-06-04 16:00:00,+08:00,"Qingfeng Audio and Video Technology Center, Qingyun County (庆云县庆丰影音科技中心)",10363,37.779419,117.401028,99,99,77,4.1,6.9,41.9,0.1,60.2,30.5,,3
960,2022-06-04 15:00:00,+08:00,"Yuntian Vocational and Technical College, Qingyun County (庆云县云天职业技术学院)",10364,37.757222,117.370556,91,91,67,5.6,7.4,49.2,0.1,60.2,30.5,,3
961,2022-06-04 16:00:00,+08:00,"Linpan Xianhe Base, Linyi County (临邑县临盘先禾基地)",10365,37.195333,116.775194,87,87,70,5.1,4.2,76.7,0.1,65.1,28.5,,2
962,2022-06-04 15:00:00,+08:00,"Linyi Water Supply Company No.1 Water Plant, Linyi County (临邑县临邑供水公司第一水厂)",10366,37.17425,116.873472,89,89,63,3.1,4.6,80.6,0.1,65.1,28.5,,2
963,2022-06-04 15:00:00,+08:00,"Qihe County No. 1 Middle School, Qihe County (齐河县齐河县第一中学)",10367,36.781666,116.741388,82,82,62,7.6,2.8,72.7,0.1,35.9,33.1,,3
964,2022-06-04 15:00:00,+08:00,"Qihe County Martyrs Memorial Hall, Qihe County (齐河县齐河县烈士纪念馆)",10368,36.802777,116.764166,87,87,65,4.1,2.3,85.8,0.1,35.9,33.1,,3
965,2022-06-04 15:00:00,+08:00,"Lingcheng Liwan Park, Plain County (平原县陵城琵琶湾公园)",10369,37.163056,116.430833,89,89,78,5.6,3.7,59.7,0.1,65.1,28.5,,2
966,2022-06-04 16:00:00,+08:00,"Plain Taoyuan Hotel, Plain County (平原县平原桃园宾馆)",10370,37.162222,116.456111,95,95,73,7.1,4.6,70.8,0.1,65.1,28.5,,2
967,2022-06-04 16:00:00,+08:00,"Xiajin Hotel, Xiajin County (夏津县夏津宾馆)",10371,36.952799,116.004522,87,87,62,6.6,6,72.7,0.1,65.1,28.5,,2
968,2022-06-04 16:00:00,+08:00,"Xiajin County Civic Center, Xiajin County (夏津县夏津县市民中心)",10372,36.98425,116.005638,89,89,60,6.6,4.6,76.7,0.1,65.1,28.5,,2
969,2022-06-04 16:00:00,+08:00,"Qipan Qilu College, Wucheng County (武城县临盘齐鲁学院)",10373,37.228611,116.085,91,91,72,5.1,6,70.8,0.1,65.1,28.5,,2
970,2022-06-04 15:00:00,+08:00,"Wucheng County No. 4 Middle School, Wucheng County (武城县武城县第四中学)",10374,37.195833,116.057222,102,102,81,9.7,8.3,57.8,0.1,65.1,28.5,,2
971,2022-06-04 16:00:00,+08:00,"Leling Second Middle School, Leling City (乐陵市乐陵第二中学)",10375,37.720278,117.206389,87,87,73,10.7,6,49.6,0.1,60.2,30.5,,3
972,2022-06-04 16:00:00,+08:00,"Leling City Government, Leling City (乐陵市乐陵市政府)",10376,37.7298,117.215183,99,99,71,4.1,6,55.2,0.1,60.2,30.5,,3
973,2022-06-04 15:00:00,+08:00,"Yucheng Party School, Yucheng City (禹城市禹城党校)",10377,36.949722,116.655,87,87,67,5.1,4.6,87.1,0.1,65.1,28.5,,2
974,2020-09-09 05:00:00,+08:00,"Yucheng Futian Pharmaceutical, Yucheng City (禹城市禹城福田药业)",10378,36.911389,116.6775,87,87,57,4.1,10.1,5.7,0.1,100,17.1,1.1,1
975,2022-06-04 15:00:00,+08:00,"yǔ chéngshì qìxiàng jú, Yucheng City (禹城市禹城市气象局)",10379,36.927883,116.618922,87,87,66,5.1,5.1,79.9,0.1,65.1,28.5,,2
976,2022-06-04 16:00:00,+08:00,"Liao Dadong School, Dongchangfu District (东昌府区聊大东校)",10380,36.435,116.007,99,99,60,5.6,3.7,96.2,0.1,48,32.3,,1
977,2020-02-25 00:00:00,+08:00,"Yanggu Nanhu Park, Yanggu County (阳谷县阳谷南湖公园)",10381,36.093056,115.793056,174,174,81,2.6,23.8,4.1,0.1,97.3,6.4,0.3,4
978,2022-06-04 15:00:00,+08:00,"Yanggu Qiaorun Middle School, Yanggu County (阳谷县阳谷侨润中学)",10382,36.141944,115.791111,87,87,61,8.7,10.6,79.3,0.1,48,32.3,,1
979,2022-06-04 16:00:00,+08:00,"Yanggu County Botanical Garden, Yanggu County (阳谷县阳谷县植物园)",10383,36.129,115.781,95,95,62,6.1,14.2,74,0.1,48,32.3,,1
980,2022-06-04 15:00:00,+08:00,"Jixian Experimental High School, Shen County (莘县莘县实验高中)",10384,36.239,115.646,92,61,76,6.1,4.6,91.6,0.1,48,32.3,,1
981,2021-01-01 08:00:00,+08:00,"Qi County Shunhe Park, Shen County (莘县莘县顺河公园)",10385,36.24,115.693,154,154,70,6.6,23.4,3.7,0.1,71.8,-8,99.1,1
982,2022-06-04 15:00:00,+08:00,"Jixian Wastewater Treatment Plant, Shen County (莘县莘县污水处理厂)",10386,36.258889,115.685,93,93,62,5.1,11.5,76,0.1,48,32.3,,1
983,2022-06-04 16:00:00,+08:00,"Muping Environmental Protection Bureau, Luanping County (茌平县茌平环保局)",10387,36.586389,116.238889,107,107,64,5.6,7.8,91.6,0.1,48,32.3,,1
984,2020-10-01 10:00:00,+08:00,"Muping Culture Center, Luanping County (茌平县茌平文化馆)",10388,36.556667,116.246111,149,149,78,11.2,12.4,31.7,0.1,79.1,18.8,99.5,4
985,2022-06-04 16:00:00,+08:00,"Luanping County Government, Luanping County (茌平县茌平县政府)",10389,36.580556,116.248889,107,102,62,6.6,15.1,107.1,0.1,48,32.3,,1
986,2022-06-04 15:00:00,+08:00,"dōng ā cáozhí gōngyuán, Dong'a County (东阿县东阿曹植公园)",10390,36.347269,116.238752,80,78,57,4.1,7.4,79.9,0.1,48,32.3,,1
987,2021-01-01 10:00:00,+08:00,"Donga Winery, Dong'a County (东阿县东阿酒厂)",10391,36.333333,116.26,139,139,67,9.2,20.2,9.4,0.1,71.8,-8,99.1,1
988,2022-06-04 16:00:00,+08:00,"Dong'a Wastewater Treatment Plant, Dong'a County (东阿县东阿污水处理厂)",10392,36.353889,116.249167,81,74,63,4.6,6.4,80.6,0.1,48,32.3,,1
989,2022-06-04 15:00:00,+08:00,"Guan County Guangze Community North, Guan County (冠县冠县广泽小区北)",10393,36.475,115.438,118,80,118,7.6,12.4,65.6,0.1,48,32.3,,1
990,2022-06-04 15:00:00,+08:00,"Guanxian Qingyi Ecological Park, Guan County (冠县冠县清逸生态园)",10394,36.500556,115.466111,112,112,69,8.2,7.8,76.7,0.1,48,32.3,,1
991,2020-11-10 16:00:00,+08:00,"Guanxian Wastewater Treatment Plant, Guan County (冠县冠县污水处理厂)",10395,36.471667,115.474722,158,158,104,10.7,20.2,51.9,0.1,29.1,19.1,99,3
992,2022-06-04 15:00:00,+08:00,"gāo tángpǔlì huāyuán, Gaotang County (高唐县高唐普利花园)",10396,36.841111,116.237222,95,95,78,6.1,6,81.9,0.1,65.1,28.5,,2
993,2020-12-02 10:00:00,+08:00,"Gaotang People's Hospital East Hospital, Gaotang County (高唐县高唐人民医院东院)",10397,36.870556,116.261111,175,175,82,3.1,27.9,1.3,0.1,100,0.3,0.2,2
994,2022-06-04 15:00:00,+08:00,"Linqing Municipal Meteorological Bureau, Linqing City (临清市临清市气象局)",10398,36.811944,115.733056,109,109,70,5.6,11,77.3,0.1,48,32.3,,1
995,2022-06-04 16:00:00,+08:00,"Linqing City Waterworks, Linqing City (临清市临清市自来水厂)",10399,36.753889,115.681111,117,117,70,6.1,8.3,81.2,0.1,48,32.3,,1
996,2020-12-25 11:00:00,+08:00,"Linqing Xinhua Middle School, Linqing City (临清市临清新华中学)",10400,36.823611,115.795278,174,174,124,16.8,23.8,14.7,0.1,56.1,-1.8,,2
997,2022-06-04 16:00:00,+08:00,"Zhanhua Sports Center, Zhanhua District (沾化区沾化体育中心)",10401,37.695,118.097778,97,85,65,7.1,5.5,96.8,0.1,60.2,30.5,,3
998,2022-06-04 15:00:00,+08:00,"Zhanhua Environmental Protection Bureau, Zhanhua District (沾化区沾化环保局)",10402,37.706111,118.114444,92,70,55,10.2,3.2,91.6,0.1,60.2,30.5,,3
999,2022-06-04 16:00:00,+08:00,"Zhanhua New Station, Zhanhua District (沾化区沾化新站)",10403,37.698333,118.086667,85,85,59,6.1,6.9,78.6,0.1,60.2,30.5,,3
1000,2022-06-04 15:00:00,+08:00,"Huimin Wusheng Park, Huimin County (惠民县惠民武圣园)",10404,37.4925,117.490556,107,107,67,4.6,5.5,47.2,0.1,60.2,30.5,,3
1001,2022-06-04 15:00:00,+08:00,"Huimin Water Company, Huimin County (惠民县惠民自来水公司)",10405,37.500278,117.566944,99,99,69,6.1,6,48,0.1,60.2,30.5,,3
1002,2022-06-04 16:00:00,+08:00,"Yangxin Environmental Protection Bureau, Yangxin County (阳信县阳信环保局)",10406,37.631667,117.595556,127,127,83,9.7,9.2,71.4,0.1,60.2,30.5,,3
1003,2022-06-04 15:00:00,+08:00,"Yangxin Vocational Secondary School, Yangxin County (阳信县阳信职业中专)",10407,37.645278,117.591111,107,107,86,11.2,6.4,68.8,0.1,60.2,30.5,,3
1004,2022-06-04 15:00:00,+08:00,"wú dì sān shí, Wudi County (无棣县无棣三实)",10408,37.751944,117.630833,97,97,69,6.6,7.4,63.6,0.1,60.2,30.5,,3
1005,2022-06-04 16:00:00,+08:00,"Wuxi Xixian School, Wudi County (无棣县无棣希贤学校)",10409,37.758056,117.57,104,104,75,5.1,8.3,38.6,0.1,60.2,30.5,,3
1006,2022-06-04 16:00:00,+08:00,"Boxing Environmental Protection Bureau, Boxing County (博兴县博兴环保局)",10410,37.149722,118.103333,102,102,65,3.1,3.2,84.5,0.1,60.2,30.5,,3
1007,2022-06-04 15:00:00,+08:00,"bó xìng sān xiǎo, Boxing County (博兴县博兴三小)",10411,37.133889,118.105278,85,85,69,2.1,3.2,64.3,0.1,60.2,30.5,,3
1008,2022-06-04 15:00:00,+08:00,"Zouping Huangshan Experimental Middle School, Zouping County (邹平县邹平黄山实验初中部)",10412,36.853056,117.758611,94,76,53,3.1,6,94.2,0.1,35.9,33.1,,3
1009,2022-06-04 16:00:00,+08:00,"Zouping Tunxi Street Office, Zouping County (邹平县邹平黛溪街道办)",10413,36.880833,117.722778,82,82,81,4.1,5.1,73.4,0.1,35.9,33.1,,3
1010,2022-06-04 16:00:00,+08:00,"Dingtao Environmental Protection Bureau, Dingtao District (定陶区定陶环保局)",10414,35.065556,115.579444,90,78,65,2.6,4.6,90.3,0.1,50.1,31.1,,2
1011,2022-06-04 15:00:00,+08:00,"Dingtao Civil Affairs Bureau, Dingtao District (定陶区定陶民政局)",10415,35.06,115.58,76,76,64,3.1,6.4,74,0.1,50.1,31.1,,2
1012,2022-06-04 16:00:00,+08:00,"Cao County Cultural Center, Cao County (曹县曹县文化中心)",10416,34.866111,115.554722,98,85,81,4.1,5.5,97.5,0.1,50.1,31.1,,2
1013,2022-06-04 15:00:00,+08:00,"Cao County No. 1 Middle School, Cao County (曹县曹县一中)",10417,34.800556,115.556944,99,82,71,3.6,2.8,99.4,0.1,50.1,31.1,,2
1014,2022-06-04 15:00:00,+08:00,"Shan County Finance Bureau, Dan County (单县单县财政局)",10418,34.785278,116.085,86,72,54,3.1,4.6,86.4,0.1,50.1,31.1,,2
1015,2022-06-04 16:00:00,+08:00,"Shan County Cultural Center, Dan County (单县单县文化中心)",10419,34.780833,116.124167,98,78,76,3.1,4.6,98.1,0.1,50.1,31.1,,2
1016,2022-06-04 16:00:00,+08:00,"Chengwu Dachi Park, Chengwu County (成武县成武达驰园区)",10420,34.938889,115.930833,100,68,68,3.6,4.2,100.1,0.1,50.1,31.1,,2
1017,2022-06-04 16:00:00,+08:00,"Chengwu Wenting Community, Chengwu County (成武县成武文亭社区)",10421,34.960278,115.869722,96,78,71,4.1,4.6,96.2,0.1,50.1,31.1,,2
1018,2022-06-04 15:00:00,+08:00,"Juye Environmental Protection Agency, Juye County (巨野县巨野环保局)",10422,35.384167,116.085833,87,87,62,1.1,1.4,59.7,0.1,50.1,31.1,,2
1019,2022-06-04 16:00:00,+08:00,"Juye Youth Palace, Juye County (巨野县巨野青少年宫)",10423,35.40607,116.0562,97,97,68,4.6,5.1,63,0.1,50.1,31.1,,2
1020,2022-06-04 16:00:00,+08:00,"Yucheng Environmental Protection Bureau, Yuncheng County (郓城县郓城环保局)",10424,35.585556,115.926944,82,82,62,5.1,7.4,66.9,0.1,50.1,31.1,,2
1021,2022-06-04 16:00:00,+08:00,"Yucheng Zhongyi Square, Yuncheng County (郓城县郓城忠义广场)",10425,35.570556,115.956667,82,82,60,4.1,6.9,63.6,0.1,50.1,31.1,,2
1022,2022-06-04 16:00:00,+08:00,"Yucheng Ancient Spring Office, Juancheng County (鄄城县鄄城古泉办事处)",10426,35.547778,115.540278,89,89,72,5.1,7.4,64.9,0.1,50.1,31.1,,2
1023,2022-06-04 14:00:00,+08:00,"Yucheng Shandong Huateng, Juancheng County (鄄城县鄄城山东华腾)",10427,35.567778,115.5125,82,82,63,3.6,6.4,61.7,0.1,50.1,31.1,,2
1024,2022-06-04 15:00:00,+08:00,"Dongming Yellow River Bureau, Dongming County (东明县东明黄河河务局)",10428,35.276389,115.1075,102,102,70,4.6,6,66.2,0.1,50.1,31.1,,2
1025,2022-06-04 15:00:00,+08:00,"Dongming Kangning Senior Welfare Center, Dongming County (东明县东明康宁老年福利中心)",10429,35.284167,115.109444,109,109,67,6.1,5.5,64.3,0.1,50.1,31.1,,2
1026,2022-06-04 16:00:00,+08:00,Jinan (济南),1505,36.650997,117.120497,95,78,61,5.6,5.5,94.9,0.1,35.9,33.1,,3
1027,2022-06-04 16:00:00,+08:00,Qingdao (青岛),1506,36.067082,120.38264,30,30,2,2.6,1,29.3,0.1,88,21,,4.6
1028,2022-06-04 16:00:00,+08:00,Zibo (淄博),1507,36.813094,118.054868,123,87,63,7.6,6.9,123.1,0.1,43.1,30,0.7,2
1029,2022-06-04 16:00:00,+08:00,Zaozhuang (枣庄),1508,34.810488,117.323725,82,82,60,7.6,6.4,72.7,0.1,62.1,27.5,,2
1030,2022-06-04 16:00:00,+08:00,Yantai (烟台),1509,37.463822,121.447935,50,50,22,2.1,1.4,35.4,0.1,67.5,15,,2.5
1031,2022-06-04 15:00:00,+08:00,Weifang (潍坊),1510,36.706774,119.161756,61,61,37,1.1,3.7,38.6,0.1,69,25.6,1.4,4
1032,2022-06-04 16:00:00,+08:00,Jining (济宁),1511,35.414921,116.587099,124,124,53,7.6,6.4,63,0.1,49.9,30.2,99.6,1
1033,2022-06-04 16:00:00,+08:00,Taian (泰安),1512,36.200252,117.087614,104,104,61,4.6,6.9,94.2,0.1,76.8,20.4,1.3,2
1034,2022-06-04 16:00:00,+08:00,Weihai (威海),1513,37.513068,122.12042,55,55,39,4.1,3.7,39,0.1,67.5,15,99.2,2.5
1035,2022-06-04 16:00:00,+08:00,Rizhao (日照),1514,35.416377,119.526888,42,42,18,1.1,1.4,24,0.1,100,19.5,99.1,2
1036,2022-06-04 16:00:00,+08:00,Dongying (东营),1515,37.434751,118.674767,65,65,44,6.1,2.3,61.7,0.1,69,25.6,1.4,4
1037,2021-11-14 09:00:00,+08:00,Laiwu (莱芜),1516,36.213691,117.676731,171,171,106,6.1,25.6,1.7,0.1,100,-2,0.4,4.6
1038,2022-06-04 16:00:00,+08:00,Linyi (临沂),1517,35.104672,118.356448,99,99,42,2.1,6,46.8,0.1,62.1,27.5,99.1,2
1039,2022-06-04 16:00:00,+08:00,Dezhou (德州),1518,37.434093,116.357465,107,107,74,8.2,10.1,57.1,0.1,65.1,28.5,0.7,2
1040,2022-06-04 16:00:00,+08:00,Liaocheng (聊城),1519,36.456704,115.985371,97,97,65,7.1,3.7,95.5,0.1,48,32.3,0.3,1
1041,2022-06-04 16:00:00,+08:00,Binzhou (滨州),1520,37.38199,117.970703,117,112,68,6.1,4.6,117.1,0.1,60.2,30.5,0.2,3
1042,2022-06-04 16:00:00,+08:00,Heze (菏泽),1521,35.23375,115.480656,87,87,64,5.6,6.4,82.5,0.1,50.1,31.1,1.3,2
1043,2022-06-04 16:00:00,+08:00,"Sewage treatment plant, Bozhou (亳州污水处理厂)",7129,33.8399,115.8067,97,97,70,3.6,3.2,83.8,4.6,59,31.8,99.1,3
1044,2022-06-04 16:00:00,+08:00,"sānguó lǎnshèng gōng, Bozhou (亳州三国揽胜宫)",7130,33.8561,115.7831,95,95,65,2.1,3.2,73.4,7.3,59,31.8,99.1,3
1045,2022-06-04 16:00:00,+08:00,"Shiji Park, Shijiazhuang (石家庄市世纪公园)",641,38.031,114.542,83,76,45,2.1,3.2,83.2,3.7,36,34,,2.5
1046,2022-06-04 16:00:00,+08:00,"Xinan College, Shijiazhuang (石家庄市西南高教)",642,38.012,114.467,102,102,43,2.6,2.3,85.8,5.5,36,34,,2.5
1047,,+08:00,"Chemical College, Shijiazhuang (石家庄市化工学校)",643,38.055,114.564,-,,,,,,,38,6,,5.6
1048,2022-06-04 16:00:00,+08:00,"Worker hospital, Shijiazhuang (石家庄市职工医院)",644,38.051,114.455,94,53,66,1.6,1,93.6,5.5,36,34,,2.5
1049,2022-06-04 16:00:00,+08:00,"People's Hall, Shijiazhuang (石家庄市人民会堂)",645,38.052,114.521,94,87,56,4.1,3.7,94.2,4.6,36,34,,2.5
1050,2022-06-04 16:00:00,+08:00,"Northwest Water Company, Shijiazhuang (石家庄市西北水源)",646,38.14,114.502,90,76,58,2.6,3.2,89.7,5.5,36,34,,2.5
1051,2022-06-04 16:00:00,+08:00,"High-tech zone, Shijiazhuang (石家庄市高新区)",647,38.04,114.605,87,82,50,3.1,5.1,87.1,3.7,36,34,,2.5
1052,2022-06-04 16:00:00,+08:00,"Fenglong Montain, Shijiazhuang (石家庄市封龙山)",648,37.91,114.354,94,42,58,5.1,2.8,94.2,8.2,36,34,,2.5
1053,2022-06-04 16:00:00,+08:00,"No. 12 middle school, Tangshan (唐山市12中)",649,39.658,118.184,137,,,,,,,51,30,,1.5
1054,2022-06-04 16:00:00,+08:00,"Ceramics Company, Tangshan (唐山市陶瓷公司)",650,39.668,118.219,66,61,66,2.1,5.5,57.1,9.1,51,30,,1.5
1055,2022-06-04 16:00:00,+08:00,"Xiaoshanzi Station, Tangshan (唐山市小山子站)",651,39.63,118.2,63,,,,,,,51,30,,1.5
1056,2022-06-04 16:00:00,+08:00,"Commodities Bureau, Tangshan (唐山市物资局)",652,39.641,118.185,85,85,60,4.6,9.2,50,5.5,51,30,,1.5
1057,2022-06-04 16:00:00,+08:00,"Leidazhanzi Station, Tangshan (唐山市雷达站子站)",653,39.643,118.144,127,127,65,3.1,7.8,53.2,6.4,51,30,,1.5
1058,2022-06-04 16:00:00,+08:00,"Supply and marketing cooperatives, Tangshan (唐山市供销社)",654,39.631,118.166,99,99,60,4.6,11.5,48.4,6.4,51,30,,1.5
1059,2022-06-04 16:00:00,+08:00,"City Monitoring Station, Qinhuangdao (秦皇岛市市监测站)",655,39.957,119.602,57,57,28,2.6,11,27.3,1,79,21.5,0.2,3
1060,2022-06-04 16:00:00,+08:00,"Beidaihe, Qinhuangdao (秦皇岛市北戴河)",656,39.828,119.526,46,46,32,3.1,6.9,29.3,1,78.8,23.6,99.6,3
1061,2022-06-04 16:00:00,+08:00,"Shanhai Pass, Qinhuangdao (秦皇岛市第一关)",657,40.018,119.762,55,55,31,5.6,6,34.2,1,79,21.5,0.2,3
1062,2022-06-04 15:00:00,+08:00,"Contruction Plazz, Qinhuangdao (秦皇岛市建设大厦)",658,39.942,119.537,42,42,38,2.6,10.1,28.9,3.7,79,21.5,0.2,3
1063,,+08:00,"City government, Qinhuangdao (秦皇岛市市政府)",659,39.936,119.607,-,,,,,,,58,21.4,99,3
1064,2022-06-04 16:00:00,+08:00,"CongTai Park, Handan (邯郸市丛台公园)",660,36.62,114.496,99,99,33,3.1,5.5,89.7,5.5,50.1,29.9,,2
1065,,+08:00,"City EPA, Handan (邯郸市市环保局)",661,36.618,114.513,-,,,,,,,87,29.8,2.1,1
1066,2022-06-04 16:00:00,+08:00,"East Sewage Factory, Handan (邯郸市东污水)",662,36.616,114.543,88,82,40,4.1,5.5,87.7,7.3,50.1,29.9,,2
1067,2022-06-04 16:00:00,+08:00,"Mine Hospital, Handan (邯郸市矿院)",663,36.578,114.504,92,82,40,3.6,6,91.6,7.3,50.1,29.9,,2
1068,2022-06-04 16:00:00,+08:00,"Road and Bridge Corporation, Xingtai (邢台市路桥公司)",664,37.096,114.533,97,97,48,5.6,7.4,96.8,6.4,50.1,29.9,,2
1069,2022-06-04 16:00:00,+08:00,"Dahuo fontain, Xingtai (邢台市达活泉)",665,37.097,114.482,102,91,54,6.6,6.4,102.1,8.2,50.1,29.9,,2
1070,2022-06-04 16:00:00,+08:00,"Xingtai Normal College, Xingtai (邢台市邢师高专)",666,37.053,114.526,95,95,48,2.6,5.1,93.6,6.4,50.1,29.9,,2
1071,,+08:00,"Environment protection office, Xingtai (邢台市环保局)",667,37.062,114.485,-,,,,,,,39.1,30.8,,4
1072,2022-06-04 16:00:00,+08:00,"City Monitoring Station, Baoding (保定市市监测站)",668,38.871,115.521,90,63,52,4.1,5.1,90.3,3.7,36,34,,2.5
1073,2022-06-04 16:00:00,+08:00,"Surface water Company, Baoding (保定市地表水厂)",669,38.842,115.461,98,76,48,6.1,4.6,97.5,4.6,36,34,,2.5
1074,2022-06-04 16:00:00,+08:00,"Huadian II, Baoding (保定市华电二区)",670,38.896,115.522,89,38,30,6.1,6,89,5.5,36,34,,2.5
1075,2022-06-04 16:00:00,+08:00,"Reception Center, Baoding (保定市接待中心)",671,38.911,115.471,96,78,38,3.1,5.5,96.2,6.4,36,34,,2.5
1076,2022-06-04 16:00:00,+08:00,"Film Factory, Baoding (保定市胶片厂)",672,38.876,115.442,101,63,48,2.6,4.6,100.6,6.4,36,34,,2.5
1077,2022-06-04 14:00:00,+08:00,"Natatorium, Baoding (保定市游泳馆)",673,38.863,115.493,83,46,24,7.1,3.2,83.2,1.9,34,34,,1.5
1078,2022-06-04 16:00:00,+08:00,"Century Compound, Zhangjiakou (张家口市世纪豪园)",674,40.769,114.903,68,68,59,2.1,4.6,48,2.8,33,28.3,0.5,6
1079,2022-06-04 16:00:00,+08:00,"North Pumping Station, Zhangjiakou (张家口市北泵房)",675,40.873,114.904,57,46,57,5.1,1.9,49.6,3.7,33,28.3,0.5,6
1080,2022-06-04 16:00:00,+08:00,"People's Park, Zhangjiakou (张家口市人民公园)",676,40.837,114.898,53,34,53,2.6,2.8,49.2,2.8,33,28.3,0.5,6
1081,2022-06-04 16:00:00,+08:00,"Hardware Warehouse, Zhangjiakou (张家口市五金库)",677,40.811,114.881,65,30,65,2.1,3.7,48,1.9,33,28.3,0.5,6
1082,,+08:00,"Tanji Chang, Zhangjiakou (张家口市探机厂)",678,40.795,114.892,-,,,,,,,40.2,21.4,0.1,3
1083,2022-06-04 16:00:00,+08:00,"Railway, Chengde (承德市铁路)",679,40.916,117.966,89,89,42,2.1,9.6,40.7,5.5,73.1,23.5,0.5,2
1084,2022-06-04 16:00:00,+08:00,"Cultural Center, Chengde (承德市文化中心)",680,40.973,117.818,53,53,13,7.1,2.8,43.9,2.8,73.1,23.5,0.5,2
1085,2022-06-04 16:00:00,+08:00,"Bank of China, Chengde (承德市中国银行)",681,40.984,117.952,82,82,27,4.1,4.6,48.4,4.6,73.1,23.5,0.5,2
1086,2022-06-04 16:00:00,+08:00,"BDA, Chengde (承德市开发区)",682,40.936,117.963,72,72,44,4.6,7.4,51.9,5.5,73.1,23.5,0.5,2
1087,2022-06-04 16:00:00,+08:00,"Ligong, Chengde (承德市离宫)",683,41.011,117.938,70,70,27,4.1,2.3,43.1,1.9,73.1,23.5,0.5,2
1088,2022-06-04 16:00:00,+08:00,"Municipal EPB, Cangzhou (沧州市沧州市环保局)",684,38.323,116.871,81,72,72,7.1,11.9,81.2,7.3,49.5,30,,1
1089,2022-06-04 16:00:00,+08:00,"Cangxian Urban Construction Bureau, Cangzhou (沧州市沧县城建局)",685,38.299,116.885,85,85,59,6.1,10.6,74,5.5,49.5,30,,1
1090,2022-06-04 16:00:00,+08:00,"TV Broadcast Station, Cangzhou (沧州市电视转播站)",686,38.325,116.858,83,85,60,7.6,8.7,83.2,6.4,49.5,30,,1
1091,2022-06-04 15:00:00,+08:00,"Environmental Monitoring Supervision Center, Langfang (廊坊市环境监测监理中心)",687,39.557,116.715,112,,,,,,,37,33.5,,1.5
1092,2022-06-04 16:00:00,+08:00,"TCM Medical Material Company, Langfang (廊坊市药材公司)",688,39.518,116.684,91,91,46,3.1,6,89.7,4.6,34,34,,1.5
1093,2022-06-04 16:00:00,+08:00,"BDA, Langfang (廊坊市开发区)",689,39.575,116.773,117,117,40,4.1,6.4,87.1,3.7,34,34,,1.5
1094,2022-06-04 16:00:00,+08:00,"North China Institute of Aerospace, Langfang (廊坊市北华航天学院)",690,39.534,116.737,151,151,52,4.1,6.9,88.4,5.5,34,34,,1.5
1095,2022-06-04 16:00:00,+08:00,"Hengshui City EPB, Hengshui (衡水市衡水市环保局)",691,37.739,115.69,113,112,77,7.1,5.5,112.6,4.6,53.1,28.8,99,4
1096,2022-06-04 16:00:00,+08:00,"Environmental Monitoring Station, Hengshui (衡水市环境监测站)",692,37.738,115.643,114,114,69,8.2,4.6,105.6,4.6,53.1,28.8,99,4
1097,2022-06-04 16:00:00,+08:00,"Electrical Machine North Factory, Hengshui (衡水市电机北厂)",693,37.758,115.695,127,127,75,5.6,5.5,109.1,4.6,53.1,28.8,99,4
1098,2022-06-04 16:00:00,+08:00,"No. 12 middle school, Tangshan (唐山市十二中)",3785,39.658,118.184,137,137,60,5.6,10.1,48,7.3,51,30,,1.5
1099,2022-06-04 16:00:00,+08:00,"Xiǎoshān, Tangshan (唐山市小山)",3786,39.63,118.2,63,63,59,6.1,9.2,51.9,5.5,51,30,,1.5
1100,2022-06-04 16:00:00,+08:00,"Luquan Yizhong, Shijiazhuang (石家庄市鹿泉一中)",4618,38.085,114.347,101,87,68,2.6,0.5,100.6,5.5,36,34,,2.5
1101,2022-06-04 15:00:00,+08:00,"Zhengding Unicom, Shijiazhuang (石家庄市正定联通公司)",4619,38.159,114.593,83,68,60,2.1,1.9,83.2,2.8,36,34,,2.5
1102,2022-06-04 15:00:00,+08:00,"Yucheng Communication Company, Shijiazhuang (石家庄市栾城通讯公司)",4620,37.906,114.633,94,72,58,6.6,4.6,93.6,1.9,36,34,,2.5
1103,2022-06-04 16:00:00,+08:00,"Yucheng Experimental School, Shijiazhuang (石家庄市藁城实验学校)",4621,38.039,114.862,89,82,58,3.1,4.2,89,4.6,36,34,,2.5
1104,,+08:00,"jìn zhōu bó nà dé, Shijiazhuang (石家庄市晋州博纳德)",4622,38.04,115.079,-,,,,,,,38,6,,5.6
1105,2022-06-04 16:00:00,+08:00,"Xinle City Committee East Building, Shijiazhuang (石家庄市新乐市委东楼)",4623,38.349,114.69,90,82,58,3.6,3.2,90.3,2.8,36,34,,2.5
1106,2022-06-04 15:00:00,+08:00,"Wuji Environmental Protection Agency, Shijiazhuang (石家庄市无极环保局)",4624,38.178,114.991,90,78,58,2.6,4.6,90.3,3.7,36,34,,2.5
1107,2022-06-04 15:00:00,+08:00,"Shenze Power Supply Bureau, Shijiazhuang (石家庄市深泽供电局)",4625,38.197,115.213,95,95,61,3.1,5.5,93.6,4.6,36,34,,2.5
1108,2022-06-04 16:00:00,+08:00,"Zhao County Environmental Protection Bureau, Shijiazhuang (石家庄市赵县环保局)",4626,37.771,114.77,97,85,58,2.1,4.2,96.8,2.8,36,34,,2.5
1109,2022-06-04 16:00:00,+08:00,"Gaochun County Government, Shijiazhuang (石家庄市高邑县政府)",4627,37.623,114.607,99,85,53,4.1,5.5,98.8,3.7,36,34,,2.5
1110,2022-06-04 15:00:00,+08:00,"Yuanshi Housing Construction Bureau, Shijiazhuang (石家庄市元氏住建局)",4628,37.766,114.517,96,63,56,5.6,2.3,96.2,2.8,36,34,,2.5
1111,2022-06-04 15:00:00,+08:00,"Zanhuang County Government, Shijiazhuang (石家庄市赞皇县政府)",4629,37.672,114.392,127,127,64,7.6,4.6,95.5,1,36,34,,2.5
1112,2022-06-04 15:00:00,+08:00,"Jingjing County Meteorological Bureau, Shijiazhuang (石家庄市井陉县气象局)",4630,38.038,114.152,114,114,80,3.6,4.2,100.1,2.8,36,34,,2.5
1113,2022-06-04 16:00:00,+08:00,"Jingjing Mining District District Committee Building, Shijiazhuang (石家庄市井陉矿区区委大楼)",4631,38.071,114.069,103,87,71,2.1,4.6,102.6,2.8,36,34,,2.5
1114,2022-06-04 16:00:00,+08:00,"Pingshan Yehe, Shijiazhuang (石家庄市平山冶河)",4632,38.267,114.204,85,80,62,2.6,3.2,84.5,4.6,36,34,,2.5
1115,2022-06-04 15:00:00,+08:00,"Lingshou Water Supply, Shijiazhuang (石家庄市灵寿供水)",4633,38.315,114.367,82,82,54,2.6,3.7,81.2,4.6,36,34,,2.5
1116,2022-06-04 15:00:00,+08:00,"Xingtang County Committee Office Building, Shijiazhuang (石家庄市行唐县委办公楼)",4634,38.444,114.56,87,57,59,2.6,4.2,87.1,2.8,36,34,,2.5
1117,2022-06-04 16:00:00,+08:00,"Xinji City Government, Xinji (辛集市辛集市政府)",4635,37.949,115.224,83,70,45,4.1,5.1,82.5,3.7,36,34,,2.5
1118,2022-06-04 16:00:00,+08:00,"Guye District Government, Tangshan (唐山市古冶区政府)",4636,39.74,118.454,65,65,50,4.1,8.7,36.6,5.5,70,26.2,99.2,2
1119,2022-06-04 16:00:00,+08:00,"Kaiping monitoring station, Tangshan (唐山市开平监测站)",4637,39.674,118.269,97,97,58,5.6,8.7,51.9,6.4,70,26.2,99.2,2
1120,2022-06-04 16:00:00,+08:00,"Fengnan District Government, Tangshan (唐山市丰南区政府)",4638,39.582,118.091,109,109,59,7.1,8.3,55.2,7.3,49.5,30,,1
1121,2022-06-04 16:00:00,+08:00,"Fengrun District Government, Tangshan (唐山市丰润区政府)",4639,39.839,118.169,142,142,66,5.1,11,49.2,13.6,70,26.2,99.2,2
1122,2022-06-04 16:00:00,+08:00,"Qianxi Environmental Protection Bureau, Tangshan (唐山市迁西环保局)",4640,40.152,118.311,93,93,65,3.1,12.8,39.4,10,70,26.2,99.2,2
1123,2022-06-04 15:00:00,+08:00,"Caofeidian Xinli Primary School, Tangshan (唐山市曹妃甸新立小学)",4641,39.29,118.456,85,85,44,8.2,6.4,42.3,4.6,56,29,,0.5
1124,2022-06-04 16:00:00,+08:00,"Zunhua Environmental Protection Agency, Tangshan (唐山市遵化环保局)",4642,40.205,117.991,160,160,66,6.1,10.6,43.9,14.5,70,26.2,99.2,2
1125,2022-06-04 16:00:00,+08:00,"Qian'an Yizhong, Tangshan (唐山市迁安一中)",4643,40.003,118.711,80,80,46,1.6,5.5,25.6,2.8,79,21.5,0.2,3
1126,2022-06-04 16:00:00,+08:00,"Qinglong Environmental Protection Bureau, Qinhuangdao (秦皇岛市青龙环保局)",4644,40.418,118.952,87,87,60,2.6,5.5,36.2,3.7,79,21.5,0.2,3
1127,2022-06-04 15:00:00,+08:00,"Changli Environmental Protection Bureau, Qinhuangdao (秦皇岛市昌黎环保局)",4645,39.713,119.167,82,82,51,5.1,2.8,28.1,2.8,78.8,23.6,99.6,3
1128,2022-06-04 16:00:00,+08:00,"Funing Party School, Qinhuangdao (秦皇岛市抚宁党校)",4646,39.882,119.251,76,76,56,3.6,7.4,28.9,1.9,78.8,23.6,99.6,3
1129,2022-06-04 15:00:00,+08:00,"Fengfeng Mining Area Local Taxation Bureau, Handan (邯郸市峰峰矿区地税局)",4647,36.423,114.24,102,102,44,7.1,5.5,88.4,13.6,61.9,29.8,,3
1130,2022-06-04 16:00:00,+08:00,"Shexian County Monitoring Station, Handan (邯郸市涉县监测站)",4648,36.589,113.686,71,68,26,3.6,3.7,71.4,4.6,42.1,27.2,,2
1131,2022-06-04 15:00:00,+08:00,"Cixian Vocational Education Center, Handan (邯郸市磁县职教中心)",4649,36.38,114.384,144,144,93,7.6,10.1,84.5,8.2,61.9,29.8,,3
1132,2022-06-04 15:00:00,+08:00,"Yongnian Government Hotel, Handan (邯郸市永年政府宾馆)",4650,36.783,114.497,107,107,55,3.6,7.4,93.6,5.5,50.1,29.9,,2
1133,2022-06-04 16:00:00,+08:00,"Wu'an Gaokai District, Handan (邯郸市武安高开区)",4651,36.686,114.263,92,68,40,5.6,6.9,91.6,5.5,50.1,29.9,,2
1134,2022-06-04 16:00:00,+08:00,"Neiqiu Cultural Activity Center, Xingtai (邢台市内丘文化活动中心)",4652,37.293,114.519,103,68,50,3.6,5.5,103.1,4.6,50.1,29.9,,2
1135,2022-06-04 16:00:00,+08:00,"Shahe Propaganda and Culture Center, Xingtai (邢台市沙河宣传文化中心)",4653,36.861,114.51,99,99,63,6.1,7.4,92.9,5.5,50.1,29.9,,2
1136,2022-06-04 16:00:00,+08:00,"Mancheng Tax Bureau, Baoding (保定市满城税务局)",4654,38.955,115.329,103,102,49,7.1,3.7,103.1,5.5,36,34,,2.5
1137,2022-06-04 16:00:00,+08:00,"Qingyuan County Government, Baoding (保定市清苑县政府)",4655,38.771,115.496,91,91,57,3.6,1.9,89.7,2.8,36,34,,2.5
1138,2022-06-04 15:00:00,+08:00,"Xushui Environmental Protection Bureau, Baoding (保定市徐水环保局)",4656,39.025,115.662,83,65,51,4.6,3.7,83.2,2.8,50.1,30.8,0.1,3
1139,2022-04-17 00:00:00,+08:00,"Anxin Civil Affairs Bureau, Baoding (保定市安新民政局)",4657,38.942,115.942,91,91,51,5.1,10.6,32.5,4.6,45.9,12.1,99.6,1
1140,2022-06-04 15:00:00,+08:00,"Zhangzhou Monitoring Station, Baoding (保定市涿州监测站)",4658,39.492,116.034,85,63,49,5.1,3.2,84.5,2.8,37,33.5,,1.5
1141,2022-06-04 15:00:00,+08:00,"Gaobeidian Environmental Protection Bureau, Baoding (保定市高碑店环保局)",4659,39.332,115.88,83,42,30,2.1,3.7,82.5,3.7,50.1,30.8,0.1,3
1142,2022-06-04 15:00:00,+08:00,"Dingzhou Armed Forces, Dingzhou (定州市定州武装部)",4660,38.522,114.997,93,85,72,5.1,8.3,92.9,4.6,36,34,,2.5
1143,2022-06-04 15:00:00,+08:00,"Xuanhua District Military Camp Phoenix City, Zhangjiakou (张家口市宣化区军营凤凰城)",4661,40.615,115.106,68,68,57,1.6,2.8,53.2,1,33,28.3,0.5,6
1144,2022-06-04 15:00:00,+08:00,"Lower Garden Environmental Protection Agency, Zhangjiakou (张家口市下花园环保局)",4662,40.508,115.296,70,70,62,4.1,4.2,50.6,4.6,36,29.1,0.4,4
1145,2022-06-04 15:00:00,+08:00,"Huai'an Environmental Protection Bureau, Zhangjiakou (张家口市怀安环保局)",4663,40.68,114.392,55,55,44,3.1,1.9,50,1,33,28.3,0.5,6
1146,2022-06-04 15:00:00,+08:00,"Huailaifu Elementary School, Zhangjiakou (张家口市怀来府前小学)",4664,40.421,115.524,97,97,64,4.1,3.7,51.3,1,37,33.5,,1.5
1147,2022-06-04 16:00:00,+08:00,"Chicheng North Mountain, Zhangjiakou (张家口市赤城北山)",4665,40.919,115.838,122,122,84,3.6,1,45.5,1,36,29.1,0.4,4
1148,2022-06-04 15:00:00,+08:00,"Chengde County Environmental Protection Bureau, Chengde (承德市承德县环保局)",4666,40.775,118.17,102,102,49,2.6,5.5,47.2,4.6,73.1,23.5,0.5,2
1149,2022-06-04 15:00:00,+08:00,"Xinglong County Government, Chengde (承德市兴隆县政府)",4667,40.423,117.507,51,34,17,2.1,2.3,51.3,1.9,37,33.5,,1.5
1150,2022-06-04 16:00:00,+08:00,"Muping Environmental Protection Bureau, Chengde (承德市滦平环保局)",4668,40.949,117.344,41,34,27,1.1,2.8,40.7,4.6,73.1,23.5,0.5,2
1151,2022-06-04 16:00:00,+08:00,"Fengning County Government, Chengde (承德市丰宁县政府)",4669,41.215,116.652,44,21,10,3.1,1.9,44.3,1,46.1,27.3,0.6,2
1152,2022-06-04 15:00:00,+08:00,"Qing County Government, Cangzhou (沧州市青县政府)",4670,38.589,116.81,124,124,66,5.1,12.4,43.9,5.5,56,29,,0.5
1153,2022-06-04 15:00:00,+08:00,"Botou City Government, Cangzhou (沧州市泊头市政府)",4671,38.089,116.585,72,72,62,7.6,7.8,70.1,4.6,53.1,28.8,99,4
1154,2022-06-04 15:00:00,+08:00,"Renqiu Huayou Ba, Cangzhou (沧州市任丘华油八处)",4672,38.737,116.12,92,85,42,5.6,2.3,92.3,3.7,50.1,30.8,0.1,3
1155,2022-06-04 16:00:00,+08:00,"Huangpu Finance Bureau Training Center, Cangzhou (沧州市黄骅财政局培训中心)",4673,38.377,117.337,80,80,70,7.1,8.7,56.5,6.4,49.5,30,,1
1156,2022-06-04 15:00:00,+08:00,"Gu'an Party School, Langfang (廊坊市固安党校)",4674,39.445,116.305,105,30,23,4.1,3.7,105.1,4.6,37,33.5,,1.5
1157,2022-06-04 15:00:00,+08:00,"Xianghe Environmental Protection Bureau, Langfang (廊坊市香河环保局)",4675,39.766,117.009,119,119,54,4.6,6,85.8,10.9,37,33.5,,1.5
1158,2022-06-04 15:00:00,+08:00,"Wen'an County Environmental Protection Bureau, Langfang (廊坊市文安县环保局)",4676,38.88,116.464,116,97,57,4.6,3.7,116.1,4.6,56,29,,0.5
1159,2022-06-04 15:00:00,+08:00,"Dachang Health Bureau, Langfang (廊坊市大厂卫生局)",4677,39.89,116.998,127,127,61,8.7,3.7,85.8,11.8,37,33.5,,1.5
1160,2022-06-04 15:00:00,+08:00,"Bazhou Shunda Gas, Langfang (廊坊市霸州顺达燃气)",4678,39.161,116.366,107,34,30,1.6,3.7,107.1,4.6,56,29,,0.5
1161,2022-06-04 16:00:00,+08:00,"Sanhe Transportation Bureau, Langfang (廊坊市三河交通局)",4679,39.988,117.085,151,151,54,5.6,6,85.1,10,34,34,,1.5
1162,2022-06-04 15:00:00,+08:00,"Anping County Environmental Protection Bureau, Hengshui (衡水市安平县环保局)",4680,38.238,115.532,119,119,65,4.1,6,99.4,5.5,36,34,,2.5
1163,2022-06-04 15:00:00,+08:00,"Zhangzhou Environmental Protection Bureau, Hengshui (衡水市冀州环保局)",4681,37.548,115.581,87,87,59,8.2,7.8,81.2,6.4,65.1,28.5,,2
1164,2022-06-04 15:00:00,+08:00,"Jixian No. 1 Middle School, Tangshan (唐山市滦县第一中学)",5610,39.747,118.71,93,93,77,5.6,6.4,28.5,8.2,78.8,23.6,99.6,3
1165,2022-06-04 15:00:00,+08:00,"Yinan County Government, Tangshan (唐山市滦南县县政府)",5611,39.51,118.681,74,74,45,4.1,8.3,36.2,1,78.8,23.6,99.6,3
1166,2022-06-04 15:00:00,+08:00,"Laoting County Comprehensive Vocational School, Tangshan (唐山市乐亭县综合职校)",5612,39.432,118.919,59,59,42,3.1,8.7,34.6,2.8,78.8,23.6,99.6,3
1167,2022-06-04 16:00:00,+08:00,"Lulong County Meteorological Bureau, Qinhuangdao (秦皇岛市卢龙县气象局)",5614,39.9,118.899,80,80,52,2.1,7.4,24.4,2.8,78.8,23.6,99.6,3
1168,2022-06-04 15:00:00,+08:00,"Linyi County No. 3 Middle School, Handan (邯郸市临漳县三中)",5615,36.33,114.601,160,160,98,7.1,7.4,94.2,7.3,61.9,29.8,,3
1169,2022-06-04 14:00:00,+08:00,"Cheng'an County Netcom Company, Handan (邯郸市成安县网通公司)",5616,36.44,114.671,107,107,78,11.7,7.8,78.6,6.4,61.9,29.8,,3
1170,2022-06-04 15:00:00,+08:00,"Daming County Daming No.1 Middle School, Handan (邯郸市大名县大名一中)",5617,36.291,115.154,132,132,60,6.6,3.7,80.6,5.5,48,32.3,,1
1171,2022-06-04 16:00:00,+08:00,"Feixiang Administration for Industry and Commerce, Handan (邯郸市肥乡工商行政管理局)",5618,36.549,114.788,94,80,60,8.2,3.7,94.2,4.6,50.1,29.9,,2
1172,2022-06-04 16:00:00,+08:00,"Qiu County Government, Handan (邯郸市邱县政府)",5619,36.811,115.181,104,104,54,5.6,4.6,89.7,3.7,50.1,29.9,,2
1173,2022-06-04 15:00:00,+08:00,"Jize County Environmental Protection Bureau, Handan (邯郸市鸡泽县环境保护局)",5620,36.918,114.879,93,93,56,5.1,5.5,76.7,4.6,50.1,29.9,,2
1174,2022-06-04 15:00:00,+08:00,"Guangping County No. 1 Middle School, Handan (邯郸市广平县一中)",5621,36.482,114.952,117,117,72,7.6,9.6,72.7,5.5,61.9,29.8,,3
1175,2022-06-04 15:00:00,+08:00,"Guantao County Yongji Road Primary School, Handan (邯郸市馆陶县永济路小学)",5622,36.541,115.3,122,122,73,5.6,10.1,70.8,4.6,48,32.3,,1
1176,2022-06-04 15:00:00,+08:00,"Wei County No. 3 Middle School, Handan (邯郸市魏县第三中学)",5623,36.347,114.926,93,93,61,5.1,6.4,72.1,4.6,61.9,29.8,,3
1177,2022-06-04 15:00:00,+08:00,"Quzhou County Armed Forces, Handan (邯郸市曲周县武装部)",5624,36.785,114.951,88,82,61,6.6,6,88.4,4.6,50.1,29.9,,2
1178,2022-06-04 15:00:00,+08:00,"Lincheng County Environmental Protection Bureau, Xingtai (邢台市临城县环保局)",5625,37.441,114.514,103,80,55,5.6,6.9,102.6,4.6,36,34,,2.5
1179,2022-06-04 15:00:00,+08:00,"Baixiang County Middle School, Xingtai (邢台市柏乡县中学)",5626,37.488,114.7,99,57,34,4.6,3.7,99.4,4.6,36,34,,2.5
1180,2022-06-04 15:00:00,+08:00,"Longyan County Environmental Protection Bureau, Xingtai (邢台市隆尧县环保局)",5627,37.354,114.752,101,76,54,5.1,3.7,101.1,4.6,50.1,29.9,,2
1181,2022-06-04 16:00:00,+08:00,"Renxian Youth Cultural Activity Center, Xingtai (邢台市任县青少年文化活动中心)",5628,37.121,114.667,97,97,55,8.2,3.2,93.6,4.6,50.1,29.9,,2
1182,,+08:00,"Nanhe County Environmental Protection Bureau, Xingtai (邢台市南和县环保局)",5629,37.021,114.681,-,,,,,,,87,29.8,2.1,1
1183,2022-06-04 16:00:00,+08:00,"Ningjin County Government, Xingtai (邢台市宁晋县政府)",5630,37.62,114.918,112,112,51,3.6,2.3,97.5,3.7,36,34,,2.5
1184,2022-06-04 16:00:00,+08:00,"Julu Administrative Service Center, Xingtai (邢台市巨鹿行政服务中心)",5631,37.234,115.03,89,89,51,5.6,5.5,70.1,4.6,50.1,29.9,,2
1185,2022-06-04 15:00:00,+08:00,"Xinhe County Environmental Protection Bureau, Xingtai (邢台市新河县环保局)",5632,37.522,115.242,112,112,59,3.1,4.2,74.7,8.2,36,34,,2.5
1186,2022-06-04 15:00:00,+08:00,"Guangzong County Family Planning Bureau, Xingtai (邢台市广宗县计划生育局)",5633,37.074,115.133,77,70,53,4.6,6.9,76.7,4.6,50.1,29.9,,2
1187,2022-06-04 15:00:00,+08:00,"Pingxiang County Administrative Service Center, Xingtai (邢台市平乡县行政服务中心)",5634,37.063,115.029,88,85,52,4.1,5.1,87.7,3.7,50.1,29.9,,2
1188,2022-06-04 15:00:00,+08:00,"Weixian No.1 Middle School, Xingtai (邢台市威县第一中学)",5635,36.99,115.264,87,87,56,8.2,6.9,64.9,4.6,50.1,29.9,,2
1189,2022-06-04 15:00:00,+08:00,"Qinghe County Youth Activity Center, Xingtai (邢台市清河县青少年活动中心)",5636,37.078,115.678,74,74,66,3.6,4.2,70.1,3.7,65.1,28.5,,2
1190,2022-06-04 15:00:00,+08:00,"Linxi County Government, Xingtai (邢台市临西县政府)",5637,36.871,115.501,95,95,55,7.1,4.6,63.6,4.6,48,32.3,,1
1191,2022-06-04 15:00:00,+08:00,"Nangong City Local Taxation Bureau, Xingtai (邢台市南宫市地税局)",5638,37.364,115.412,97,97,60,5.1,6.9,76.7,6.4,50.1,29.9,,2
1192,2022-06-04 16:00:00,+08:00,"Baigou New Town Administration Center Building, Baoding (保定市白沟新城行政中心楼)",5639,39.109,116.029,90,89,44,5.6,4.6,90.3,3.7,50.1,30.8,0.1,3
1193,2022-06-04 15:00:00,+08:00,"Lishui County Environmental Monitoring Station, Baoding (保定市涞水县环境监测站)",5640,39.393,115.713,83,76,41,5.6,4.6,82.5,3.7,50.1,30.8,0.1,3
1194,2022-06-04 15:00:00,+08:00,"Luanping County Environmental Protection Bureau, Baoding (保定市阜平县环保局)",5641,38.851,114.194,82,82,71,3.6,1.9,57.1,2.8,36,34,,2.5
1195,2022-06-04 16:00:00,+08:00,"Dingxing County Government, Baoding (保定市定兴县政府)",5642,39.269,115.814,76,76,49,2.6,3.7,76,1.9,50.1,30.8,0.1,3
1196,2022-06-04 16:00:00,+08:00,"Tang County Government Building, Baoding (保定市唐县政府楼)",5643,38.748,114.976,98,87,51,5.1,4.6,98.1,4.6,36,34,,2.5
1197,2022-06-04 15:00:00,+08:00,"Gaoyang County Environmental Protection Bureau, Baoding (保定市高阳县环保局)",5644,38.692,115.764,83,61,41,5.1,5.1,82.5,3.7,50.1,30.8,0.1,3
1198,2022-06-04 15:00:00,+08:00,"Rongcheng County Environmental Protection Bureau, Baoding (保定市容城县环境保护局)",5645,39.048,115.868,93,93,57,5.6,2.8,91,2.8,50.1,30.8,0.1,3
1199,2022-06-04 15:00:00,+08:00,"Wuyuan County Environmental Protection Bureau, Baoding (保定市涞源县环保局)",5646,39.359,114.698,119,119,89,5.6,3.2,44.3,1,39.9,26.2,0.1,4
1200,2022-06-04 15:00:00,+08:00,"Wangdu County Environmental Monitoring Station, Baoding (保定市望都县环境监测站)",5647,38.705,115.16,93,68,52,3.1,6.9,92.9,3.7,36,34,,2.5
1201,2022-06-04 15:00:00,+08:00,"Yi County Environmental Protection Bureau, Baoding (保定市易县环境保护局)",5648,39.347,115.479,71,68,62,5.1,5.5,70.8,4.6,50.1,30.8,0.1,3
1202,2022-06-04 15:00:00,+08:00,"Quyang County Environmental Protection Bureau, Baoding (保定市曲阳县环保局)",5649,38.62,114.725,89,89,61,4.6,3.2,88.4,4.6,36,34,,2.5
1203,2022-06-04 16:00:00,+08:00,"Jixian County Government, Baoding (保定市蠡县县政府)",5650,38.488,115.578,90,87,40,6.6,5.5,89.7,4.6,36,34,,2.5
1204,2022-06-04 15:00:00,+08:00,"Shunping County Environmental Protection Bureau, Baoding (保定市顺平县环保局)",5651,38.85,115.15,99,72,52,5.1,1.9,98.8,2.8,36,34,,2.5
1205,2022-06-04 15:00:00,+08:00,"Boye County Admissions Office, Baoding (保定市博野县招生办)",5652,38.453,115.462,109,109,61,4.1,4.6,89.7,3.7,36,34,,2.5
1206,2022-06-04 15:00:00,+08:00,"Xiong County Environmental Protection Bureau, Baoding (保定市雄县环境保护局)",5653,38.982,116.09,107,107,51,3.1,5.5,95.5,2.8,50.1,30.8,0.1,3
1207,2022-06-04 16:00:00,+08:00,"Anguo City Government, Baoding (保定市安国市政府)",5654,38.428,115.322,97,97,52,3.6,5.1,85.8,5.5,36,34,,2.5
1208,2022-06-04 15:00:00,+08:00,"Xuanhua County Shalingzi Hospital, Zhangjiakou (张家口市宣化县沙岭子医院)",5655,40.677,114.917,87,87,69,2.1,3.2,48.4,2.8,33,28.3,0.5,6
1209,2022-06-04 15:00:00,+08:00,"Zhangbei County Environmental Protection Bureau, Zhangjiakou (张家口市张北县环保局)",5656,41.165,114.726,78,72,78,3.6,3.2,52.6,2.8,33,28.3,0.5,6
1210,2022-06-04 15:00:00,+08:00,"Kangbao County Environmental Protection Bureau, Zhangjiakou (张家口市康保县环保局)",5657,41.836,114.585,57,57,55,3.6,1.9,43.5,1.9,15.1,22.1,1,9
1211,2022-06-04 15:00:00,+08:00,"Wuyuan County Welfare Institute, Zhangjiakou (张家口市沽源县福利院)",5658,41.668,115.681,57,57,33,2.6,1.4,46.3,1,52.1,19.8,1.1,2
1212,2022-06-04 15:00:00,+08:00,"Shangyi County Environmental Protection Bureau, Zhangjiakou (张家口市尚义县环境保护局)",5659,41.085,113.978,49,42,29,4.1,2.8,49.2,1,15.1,23.6,99.4,8
1213,2022-06-04 15:00:00,+08:00,"Yuxian Second Middle School, Zhangjiakou (张家口市蔚县第二中学)",5660,39.846,114.596,75,74,75,5.6,3.7,55.2,1,39.9,26.2,0.1,4
1214,2022-06-04 15:00:00,+08:00,"Yangyuan County Vocational Education Center, Zhangjiakou (张家口市阳原县职教中心)",5661,40.105,114.128,70,70,67,5.1,3.2,57.1,1,39.9,26.2,0.1,4
1215,2022-06-04 15:00:00,+08:00,"Wanquan County Environmental Protection Bureau, Zhangjiakou (张家口市万全县环保局)",5662,40.769,114.744,59,17,59,1.6,1.9,45.9,1,33,28.3,0.5,6
1216,2022-06-04 15:00:00,+08:00,"Zhuolu County Environmental Protection Bureau, Zhangjiakou (张家口市涿鹿县环保局)",5663,40.373,115.215,95,95,68,1.6,1.9,48.8,1,36,29.1,0.4,4
1217,2022-06-04 16:00:00,+08:00,"Chongli Mengte Fangdan Hotel, Zhangjiakou (张家口市崇礼梦特芳丹酒店)",5664,40.98,115.289,95,95,78,2.6,1.9,48,1,33,28.3,0.5,6
1218,2022-06-04 15:00:00,+08:00,"Xinglong Mining Guest House, Chengde (承德市兴隆矿业招待所)",5665,40.552,117.669,70,70,30,2.1,5.5,68.8,4.6,73.1,23.5,0.5,2
1219,2022-06-04 15:00:00,+08:00,"Pingquan County Special Education Center, Chengde (承德市平泉县特教中心)",5666,41.017,118.699,52,13,10,3.6,4.6,51.9,1,73.1,23.5,0.5,2
1220,2022-06-04 15:00:00,+08:00,"Longhua County Environmental Protection Bureau, Chengde (承德市隆化县环保局)",5667,41.31,117.733,37,25,10,1.6,1.4,36.6,1,73.1,23.5,0.5,2
1221,2022-06-04 15:00:00,+08:00,"Kuancheng County Government, Chengde (承德市宽城县政府)",5668,40.612,118.48,129,129,63,5.6,11.5,32.9,11.8,79,21.5,0.2,3
1222,2022-06-04 15:00:00,+08:00,"Weichang County Government, Chengde (承德市围场县政府)",5669,41.956,117.771,39,13,4,3.6,1,39,1,59.2,21.4,1,3
1223,2022-06-04 15:00:00,+08:00,"Tiefo Temple, Dongguang County, Cangzhou (沧州市东光县铁佛寺)",5670,37.872,116.532,119,119,71,6.1,6.9,50,4.6,53.1,28.8,99,4
1224,2022-06-04 15:00:00,+08:00,"Haixing County Armed Forces, Cangzhou (沧州市海兴县武装部)",5671,38.142,117.493,102,102,53,9.7,11,61.7,6.4,60.2,30.5,,3
1225,2022-06-04 15:00:00,+08:00,"Yanshan Middle School of Yanshan County, Cangzhou (沧州市盐山县盐山中学)",5672,38.064,117.237,80,80,68,4.1,8.7,55.2,6.4,53.1,28.8,99,4
1226,2022-06-04 16:00:00,+08:00,"Suning County Government, Cangzhou (沧州市肃宁县政府)",5673,38.422,115.823,94,61,38,4.6,2.8,94.2,3.7,36,34,,2.5
1227,2022-06-04 15:00:00,+08:00,"Nanpi County Teacher Training School, Cangzhou (沧州市南皮县教师进修学校)",5674,38.036,116.712,80,80,64,8.7,9.6,59.1,5.5,53.1,28.8,99,4
1228,2022-06-04 16:00:00,+08:00,"Wuqiao County Sangyuan Town Government, Cangzhou (沧州市吴桥县桑园镇政府)",5675,37.63,116.395,80,80,56,6.6,7.4,59.7,5.5,65.1,28.5,,2
1229,2022-06-04 15:00:00,+08:00,"Xianxian government, Cangzhou (沧州市献县政府)",5676,38.189,116.117,94,89,84,8.2,7.4,94.2,4.6,53.1,28.8,99,4
1230,2022-06-04 15:00:00,+08:00,"Mengcun County Meteorological Bureau, Cangzhou (沧州市孟村县气象局)",5677,38.056,117.125,76,76,72,6.1,9.6,50.6,4.6,53.1,28.8,99,4
1231,2022-06-04 15:00:00,+08:00,"Hejian City Transportation Bureau, Cangzhou (沧州市河间市交通局)",5678,38.438,116.113,89,74,40,7.6,6.9,89,3.7,53.1,28.8,99,4
1232,2022-06-04 16:00:00,+08:00,"Yongqing Environmental Protection Bureau, Langfang (廊坊市永清环保局)",5679,39.328,116.505,102,59,41,4.1,4.6,102.1,4.6,49.5,30,,1
1233,2022-06-04 16:00:00,+08:00,"Dacheng Environmental Protection Bureau, Langfang (廊坊市大城环保局)",5680,38.712,116.66,139,139,62,4.1,4.6,104.6,6.4,49.5,30,,1
1234,,+08:00,"Zaoqiang County Environmental Protection Bureau, Hengshui (衡水市枣强县环保局)",5681,37.52,115.709,-,,,,,,,89.9,27.3,99.1,1
1235,2022-06-04 15:00:00,+08:00,"Wuyi County Environmental Protection Bureau, Hengshui (衡水市武邑县环保局)",5682,37.801,115.893,144,144,71,4.6,8.3,82.5,4.6,53.1,28.8,99,4
1236,,+08:00,"Wuqiang County Environmental Protection Bureau, Hengshui (衡水市武强县环保局)",5683,38.035,115.954,-,,,,,,,79,28.8,99.2,2
1237,2022-06-04 15:00:00,+08:00,"Raoyang County Environmental Protection Bureau, Hengshui (衡水市饶阳县环保局)",5684,38.23,115.735,144,144,76,4.6,5.5,102.1,5.5,36,34,,2.5
1238,2022-06-04 15:00:00,+08:00,"Gucheng County Government, Hengshui (衡水市故城县县政府)",5685,37.347,115.961,132,132,72,5.1,8.7,59.7,3.7,65.1,28.5,,2
1239,2022-06-04 15:00:00,+08:00,"Jing County County Committee, Hengshui (衡水市景县县委)",5686,37.692,116.269,89,89,58,6.1,10.1,64.9,7.3,65.1,28.5,,2
1240,2022-06-04 15:00:00,+08:00,"Yucheng County Court, Hengshui (衡水市阜城县法院)",5687,37.866,116.174,132,132,78,5.6,11.5,79.3,5.5,53.1,28.8,99,4
1241,2022-06-04 16:00:00,+08:00,"Shenzhou Municipal Government, Hengshui (衡水市深州市政府)",5688,38.0,115.559,107,97,56,5.1,6,107.1,4.6,36,34,,2.5
1242,2022-06-04 16:00:00,+08:00,"22 Central South Campus, Shijiazhuang (石家庄市22中南校区)",9645,38.042,114.562,91,91,61,1.6,1.9,90.3,3.7,36,34,,2.5
1243,2022-06-04 15:00:00,+08:00,"Nanzhai Primary School, Jingjing Mining Area, Shijiazhuang (石家庄市井陉矿区南寨小学)",9646,38.088,114.06,92,80,71,4.6,1.4,91.6,2.8,36,34,,2.5
1244,2022-06-04 15:00:00,+08:00,"D, Shijiazhuang (石家庄市井陉县3502生活区)",9647,38.021,114.157,114,114,85,5.1,4.6,102.1,3.7,36,34,,2.5
1245,2022-06-04 15:00:00,+08:00,"Zhengding County Party School, Shijiazhuang (石家庄市正定县党校)",9648,38.133,114.562,87,70,56,3.1,2.8,87.1,2.8,36,34,,2.5
1246,2022-06-04 15:00:00,+08:00,"Zhengding County Public Security Fire Brigade, Shijiazhuang (石家庄市正定县公安消防大队)",9649,38.166,114.565,90,59,55,3.1,3.7,89.7,3.7,36,34,,2.5
1247,2022-06-04 16:00:00,+08:00,"Yucheng Sixth Middle School, Shijiazhuang (石家庄市栾城六中)",9650,37.881,114.651,92,68,61,5.6,2.3,91.6,1.9,36,34,,2.5
1248,2022-06-04 16:00:00,+08:00,"Wucheng District Environmental Protection Bureau, Shijiazhuang (石家庄市栾城区环保局)",9651,37.9,114.635,92,78,50,3.6,4.6,91.6,1.9,36,34,,2.5
1249,2022-06-04 16:00:00,+08:00,"Tang Qiming Middle School, Shijiazhuang (石家庄市行唐启明中学)",9652,38.428,114.546,88,74,57,2.6,2.8,87.7,3.7,36,34,,2.5
1250,2022-06-04 15:00:00,+08:00,"Lingshou County Market Administration, Shijiazhuang (石家庄市灵寿县市场管理局)",9653,38.302,114.386,87,87,62,3.6,3.7,83.8,4.6,36,34,,2.5
1251,2022-06-04 16:00:00,+08:00,"Gaochun Town Government, Shijiazhuang (石家庄市高邑镇政府)",9654,37.614,114.621,108,63,48,4.1,4.6,107.6,3.7,36,34,,2.5
1252,2022-06-04 16:00:00,+08:00,"D, Shijiazhuang (石家庄市深泽华丽大楼)",9655,38.181,115.184,117,117,63,2.1,9.2,89.7,3.7,36,34,,2.5
1253,2022-06-04 16:00:00,+08:00,"Zanhuang Middle School, Shijiazhuang (石家庄市赞皇中学)",9656,37.685,114.39,117,117,82,8.2,4.6,94.2,3.7,36,34,,2.5
1254,2022-06-04 16:00:00,+08:00,"Promise Guardian Bureau, Shijiazhuang (石家庄市无极卫计局)",9657,38.173,114.958,89,89,61,3.6,4.6,83.8,2.8,36,34,,2.5
1255,2022-06-04 15:00:00,+08:00,"Pingshan County Government, Shijiazhuang (石家庄市平山县县政府)",9658,38.248,114.196,92,89,60,3.6,2.3,92.3,4.6,36,34,,2.5
1256,2022-06-04 15:00:00,+08:00,"Yuanshi County Meteorological Bureau, Shijiazhuang (石家庄市元氏县气象局)",9659,37.772,114.529,98,76,60,6.1,3.7,98.1,3.7,36,34,,2.5
1257,2022-06-04 16:00:00,+08:00,"Zhaoxian County Government, Shijiazhuang (石家庄市赵县县政府)",9660,37.756,114.77,96,76,61,3.6,3.2,95.5,1.9,36,34,,2.5
1258,2022-06-04 16:00:00,+08:00,"Zhaoxian Wenguang New Bureau, Shijiazhuang (石家庄市赵县文广新局)",9661,37.747,114.774,102,102,64,2.6,4.6,94.9,3.7,36,34,,2.5
1259,2022-06-04 16:00:00,+08:00,"Yucheng Eighth Middle School, Shijiazhuang (石家庄市藁城八中)",9662,38.015,114.85,85,72,57,4.1,4.6,85.1,3.7,36,34,,2.5
1260,2022-06-04 15:00:00,+08:00,"Jinzhou Municipal People's Government, Shijiazhuang (石家庄市晋州市人民政府)",9663,38.033,115.038,94,89,63,2.6,3.2,94.2,2.8,36,34,,2.5
1261,2022-06-04 16:00:00,+08:00,"Xinle Experimental School, Shijiazhuang (石家庄市新乐实验学校)",9664,38.374,114.691,94,93,57,5.1,2.3,93.6,1.9,36,34,,2.5
1262,2022-06-04 15:00:00,+08:00,"Xinle City Health Bureau, Shijiazhuang (石家庄市新乐市卫生局)",9665,38.355,114.689,88,53,55,2.6,5.1,88.4,3.7,36,34,,2.5
1263,2022-06-04 16:00:00,+08:00,"Luquan Housing and Construction Bureau, Shijiazhuang (石家庄市鹿泉住建局)",9666,38.098,114.325,93,80,76,6.6,2.8,92.9,3.7,36,34,,2.5
1264,2022-06-04 15:00:00,+08:00,"Luquan District Environmental Protection Bureau, Shijiazhuang (石家庄市鹿泉区环保局)",9667,38.083,114.324,92,76,66,5.1,4.2,92.3,3.7,36,34,,2.5
1265,2022-06-04 15:00:00,+08:00,"Yucheng City Environmental Protection Bureau, Shijiazhuang (石家庄市藁城市环保局)",9668,38.023,114.843,104,104,50,2.6,1.9,87.1,3.7,36,34,,2.5
1266,2022-06-04 16:00:00,+08:00,"Xinji City Management Brigade, Xinji (辛集市辛集城管大队)",9669,37.933,115.201,92,91,53,2.6,3.7,92.3,3.7,36,34,,2.5
1267,2022-06-04 16:00:00,+08:00,"Xinji Oil Production Factory, Xinji (辛集市辛集采油五厂)",9670,37.928,115.221,87,74,57,4.1,3.7,87.1,2.8,36,34,,2.5
1268,2022-06-04 15:00:00,+08:00,"Shuangyu District Administrative Center, Chengde (承德市双滦区行政中心)",9671,40.958,117.793,102,102,50,15.8,7.4,50.6,9.1,73.1,23.5,0.5,2
1269,2022-06-04 15:00:00,+08:00,"Binhe Road Primary School, Chengde (承德市滨河路小学)",9672,40.551,117.66,72,50,35,5.1,5.1,72.1,4.6,73.1,23.5,0.5,2
1270,2022-06-04 16:00:00,+08:00,"Chengde County River Management Station, Chengde (承德市承德县河道管理站)",9673,40.782,118.184,57,57,26,5.1,4.6,56.5,3.7,73.1,23.5,0.5,2
1271,2022-06-04 15:00:00,+08:00,"Xinglong County Environmental Protection Bureau, Chengde (承德市兴隆县环保局)",9674,40.414,117.49,58,17,33,4.1,2.8,57.8,1,37,33.5,,1.5
1272,2022-06-04 16:00:00,+08:00,"Pingquan Chengxi Primary School, Chengde (承德市平泉城西小学)",9675,41.006,118.68,91,91,33,7.6,3.2,49.6,1.9,73.1,23.5,0.5,2
1273,2022-06-04 15:00:00,+08:00,"Luanping County Vocational Education Center, Chengde (承德市滦平县职教中心)",9676,40.925,117.329,42,17,20,2.1,2.3,41.5,2.8,73.1,23.5,0.5,2
1274,2022-06-04 15:00:00,+08:00,"Longhua County Vocational Education Center, Chengde (承德市隆化县职教中心)",9677,41.326,117.734,39,17,16,6.1,1.4,39,1.9,73.1,23.5,0.5,2
1275,2022-06-04 15:00:00,+08:00,"Fengning County Environmental Protection Bureau, Chengde (承德市丰宁县环保局)",9678,41.231,116.64,45,21,4,6.1,2.3,44.7,1,46.1,27.3,0.6,2
1276,2022-06-04 16:00:00,+08:00,"Kuancheng Jingcheng Group, Chengde (承德市宽城京城集团)",9679,40.596,118.468,151,151,53,5.1,5.5,49.6,5.5,79,21.5,0.2,3
1277,2022-06-04 16:00:00,+08:00,"D, Chengde (承德市围场自来水公司)",9680,41.949,117.756,63,63,15,4.6,1.9,43.1,1,59.2,21.4,1,3
1278,2022-06-04 16:00:00,+08:00,"Tobacco factory, Zhangjiakou (张家口市烟厂)",9681,40.795,114.892,78,78,64,1.1,3.2,49.2,1,33,28.3,0.5,6
1279,2022-06-04 15:00:00,+08:00,"xià huāyuán yù shù wān, Zhangjiakou (张家口市下花园玉墅湾)",9682,40.496,115.267,76,76,73,4.6,2.8,57.1,1,36,29.1,0.4,4
1280,2022-06-04 15:00:00,+08:00,"People's Broadcasting Station Zhangbei Relay Station, Zhangjiakou (张家口市人民广播电台张北转播台)",9683,41.155,114.725,87,87,81,4.1,1.9,47.2,1,33,28.3,0.5,6
1281,2022-06-04 16:00:00,+08:00,"Kangbao County People's Hospital, Zhangjiakou (张家口市康保县人民医院)",9684,41.861,114.594,45,13,33,5.6,2.8,45.1,1.9,15.1,22.1,1,9
1282,2022-06-04 16:00:00,+08:00,"Wuyuan No. 1 Middle School, Zhangjiakou (张家口市沽源第一中学)",9685,41.668,115.666,122,122,92,5.1,3.2,46.8,1.9,52.1,19.8,1.1,2
1283,2022-06-04 15:00:00,+08:00,"Shangyi County No. 2 Middle School, Zhangjiakou (张家口市尚义县第二中学)",9686,41.09,113.979,104,104,39,5.1,2.8,43.1,1,15.1,23.6,99.4,8
1284,2022-06-04 16:00:00,+08:00,"Yuxian Yuxi Pavilion West, Zhangjiakou (张家口市蔚县玉皇阁西)",9687,39.856,114.576,114,114,78,6.6,3.2,46.3,1,39.9,26.2,0.1,4
1285,2022-06-04 15:00:00,+08:00,"Yangyuan County People's Government, Zhangjiakou (张家口市阳原县人民政府)",9688,40.103,114.143,89,89,84,6.6,2.8,57.8,1.9,39.9,26.2,0.1,4
1286,2022-06-04 15:00:00,+08:00,"Huai'an County Chaigoubao First Middle School, Zhangjiakou (张家口市怀安县柴沟堡第一中学)",9689,40.678,114.403,74,74,71,5.6,1.9,49.6,1,33,28.3,0.5,6
1287,2022-06-04 16:00:00,+08:00,"Wanquan Third Junior High School, Zhangjiakou (张家口市万全第三初级中学)",9690,40.774,114.726,76,76,40,2.1,2.3,46.8,2.8,33,28.3,0.5,6
1288,2022-06-04 15:00:00,+08:00,"Huailai County Wanyue Cultural Center, Zhangjiakou (张家口市怀来县万悦文化馆)",9691,40.419,115.503,70,70,55,4.1,1.9,53.9,1,37,33.5,,1.5
1289,2022-06-04 16:00:00,+08:00,"zhuō lù yàtài jiànkāng chéng, Zhangjiakou (张家口市涿鹿亚太健康城)",9692,40.371,115.229,109,109,89,5.1,1.9,48.8,1.9,36,29.1,0.4,4
1290,2022-06-04 15:00:00,+08:00,"Chicheng County Yufu Manor Community, Zhangjiakou (张家口市赤城县御福庄园小区)",9693,40.913,115.843,55,55,53,6.1,1.9,36.2,3.7,36,29.1,0.4,4
1291,2022-06-04 16:00:00,+08:00,"Chongli Youth Activity Center, Zhangjiakou (张家口市崇礼青少年活动中心)",9694,40.98,115.29,87,76,87,2.1,1.9,49.2,1,33,28.3,0.5,6
1292,2022-06-04 16:00:00,+08:00,"wénmíng lǐ, Qinhuangdao (秦皇岛市文明里)",9695,39.936,119.607,53,53,40,5.1,7.8,29.3,1,79,21.5,0.2,3
1293,2022-06-04 16:00:00,+08:00,"Shanhaiguan District Government, Qinhuangdao (秦皇岛市山海关区政府)",9696,39.977,119.77,112,112,55,2.1,8.3,28.1,1,79,21.5,0.2,3
1294,2022-06-04 16:00:00,+08:00,"Beidaihe Environmental Protection Bureau, Qinhuangdao (秦皇岛市北戴河环保局)",9697,39.828,119.526,46,46,32,3.1,6.9,30.9,1,78.8,23.6,99.6,3
1295,2022-06-04 15:00:00,+08:00,"Beidaihe District Committee Cadre Bureau, Qinhuangdao (秦皇岛市北戴河区委老干部局)",9698,39.818,119.479,22,17,22,4.6,6,22.4,1,78.8,23.6,99.6,3
1296,2022-06-04 16:00:00,+08:00,"Qinglong County Vocational Education Center, Qinhuangdao (秦皇岛市青龙县职教中心)",9699,40.411,118.946,93,93,54,3.6,4.2,30.9,3.7,79,21.5,0.2,3
1297,2022-06-04 16:00:00,+08:00,"Changli Huaxia Winery, Qinhuangdao (秦皇岛市昌黎华夏酒庄)",9700,39.734,119.177,55,55,31,4.1,3.7,28.9,3.7,78.8,23.6,99.6,3
1298,2022-06-04 15:00:00,+08:00,"Funing District No. 1 Middle School, Qinhuangdao (秦皇岛市抚宁区第一中学)",9701,39.871,119.249,97,97,51,3.6,3.7,30.5,1.9,78.8,23.6,99.6,3
1299,2022-06-04 16:00:00,+08:00,"Lulong County Wenguang New Bureau, Qinhuangdao (秦皇岛市卢龙县文广新局)",9702,39.889,118.901,85,85,60,1.6,7.4,24,7.3,78.8,23.6,99.6,3
1300,,+08:00,"Building materials building, Tangshan (唐山市建材楼小区)",9703,39.722,118.446,-,,,,,,,81.2,26.8,99,4
1301,2022-06-04 15:00:00,+08:00,"Shuiyun Garden, Tangshan (唐山市水韵花苑)",9704,39.742,118.444,56,55,56,4.1,9.6,35.4,7.3,70,26.2,99.2,2
1302,2022-06-04 15:00:00,+08:00,"Kaiping Primary School Science and Technology Building, Tangshan (唐山市开平小学科技楼)",9705,39.666,118.262,70,70,57,5.6,7.8,38.2,6.4,56,29,,0.5
1303,2022-06-04 15:00:00,+08:00,"The roof of the fourth floor of the Taxi Middle School Library, Tangshan (唐山市税东中学图书馆4楼楼顶)",9706,39.635,118.239,82,82,41,5.1,6.4,37,6.4,56,29,,0.5
1304,2022-06-04 15:00:00,+08:00,"Fengnan District Meteorological Bureau, Tangshan (唐山市丰南区气象局)",9707,39.583,118.099,87,87,52,8.2,6,43.5,5.5,56,29,,0.5
1305,2022-06-04 15:00:00,+08:00,"Hetou, Fengnan District, Tangshan (唐山市丰南区河头里)",9708,39.561,118.117,85,85,52,8.2,4.6,42.7,5.5,56,29,,0.5
1306,2022-06-04 15:00:00,+08:00,"Fengrun District Personnel Bureau, Tangshan (唐山市丰润区人事局)",9709,39.831,118.129,82,82,65,6.6,6,45.1,10.9,70,26.2,99.2,2
1307,2022-06-04 15:00:00,+08:00,"Fengrun District Park Road Primary School, Tangshan (唐山市丰润区公园道小学)",9710,39.841,118.139,68,68,52,8.2,6.9,44.7,9.1,70,26.2,99.2,2
1308,2022-06-04 15:00:00,+08:00,"Jixian Science and Technology Bureau, Tangshan (唐山市滦县科学技术局)",9711,39.749,118.683,57,57,53,8.2,5.5,30.9,8.2,78.8,23.6,99.6,3
1309,2022-06-04 15:00:00,+08:00,"Tongnan County No. 3 Middle School, Tangshan (唐山市滦南县第三中学)",9712,39.497,118.673,63,63,45,7.6,6.9,37.8,5.5,78.8,23.6,99.6,3
1310,2022-06-04 15:00:00,+08:00,"Laoting County Third Junior High School, Tangshan (唐山市乐亭县第三初级中学)",9713,39.417,118.901,50,50,38,5.1,8.7,35.8,3.7,78.8,23.6,99.6,3
1311,2022-06-04 15:00:00,+08:00,"Qianxi County Fourth Experimental Primary School, Tangshan (唐山市迁西县第四实验小学)",9714,40.134,118.309,119,119,55,5.1,7.4,35.4,3.7,70,26.2,99.2,2
1312,2022-06-04 16:00:00,+08:00,"Yutian County Bureau of Industry and Information Technology, Tangshan (唐山市玉田县工信局)",9715,39.899,117.72,117,117,64,7.1,9.2,72.1,10.9,49.5,30,,1
1313,2022-06-04 16:00:00,+08:00,"Caofeidian District Jidong Oilfield Staff Hospital, Tangshan (唐山市曹妃甸区冀东油田职工医院)",9716,39.277,118.436,65,65,50,7.6,9.2,53.9,6.4,49.5,30,,1
1314,2022-06-04 16:00:00,+08:00,"Zunhua Local Taxation Bureau, Tangshan (唐山市遵化地税局)",9717,40.197,117.952,154,154,66,8.7,9.2,57.1,13.6,70,26.2,99.2,2
1315,2022-06-04 15:00:00,+08:00,"Zunhua Municipal Government, Tangshan (唐山市遵化市政府)",9718,40.189,117.959,154,154,65,11.2,10.1,41.5,16.3,70,26.2,99.2,2
1316,2022-06-04 15:00:00,+08:00,"Qian'an Tangshan Dada Qian'an Campus, Tangshan (唐山市迁安唐山电大迁安分校)",9719,39.981,118.689,55,55,52,3.6,5.5,26,1.9,79,21.5,0.2,3
1317,2022-06-04 15:00:00,+08:00,"Qian'an Weihe District Management Committee, Tangshan (唐山市迁安滦河区管委会)",9720,40.001,118.683,78,78,39,5.1,4.2,25.2,2.8,79,21.5,0.2,3
1318,2022-06-04 16:00:00,+08:00,"Langfang Teachers College Humanities Building, Langfang (廊坊市廊坊师范学院人文楼)",9721,39.524,116.667,154,154,27,4.1,5.5,90.3,3.7,34,34,,1.5
1319,2022-06-04 16:00:00,+08:00,"Hebei University of Technology, Langfang (廊坊市河北工业大学)",9722,39.552,116.715,112,112,51,3.6,6,96.2,3.7,34,34,,1.5
1320,2022-06-04 15:00:00,+08:00,"Beijing Bazhong Gu'an Branch, Langfang (廊坊市北京八中固安分校)",9723,39.46,116.28,91,89,49,5.6,3.2,91,2.8,37,33.5,,1.5
1321,,+08:00,"Beijing Economic Management School Gu'an Campus, Langfang (廊坊市北京经管学校固安校区)",9724,39.46,116.308,-,,,,,,,32,4,,9.7
1322,2022-06-04 16:00:00,+08:00,"Yongqing County Party Committee Office Building, Langfang (廊坊市永清县委办公楼)",9725,39.322,116.504,106,55,42,6.6,5.5,105.6,3.7,49.5,30,,1
1323,2022-06-04 16:00:00,+08:00,"Xianghe II, Langfang (廊坊市香河二中)",9726,39.782,117.003,112,112,66,4.6,5.5,97.5,4.6,34,34,,1.5
1324,2022-06-04 15:00:00,+08:00,"Dacheng County Administrative Center, Langfang (廊坊市大城县行政中心)",9727,38.705,116.648,104,104,64,5.1,5.5,91,4.6,56,29,,0.5
1325,2022-06-04 15:00:00,+08:00,"Wen'an County No.1 Middle School, Langfang (廊坊市文安县一中)",9728,38.871,116.476,122,117,60,6.1,3.7,122.1,5.5,56,29,,0.5
1326,2022-06-04 15:00:00,+08:00,"Dachang County Hui Nationality Second Primary School, Langfang (廊坊市大厂县回族第二小学)",9729,39.891,116.991,137,137,71,6.6,2.8,86.4,8.2,37,33.5,,1.5
1327,2022-06-04 16:00:00,+08:00,"Bazhou Development Zone Convenience Center, Langfang (廊坊市霸州开发区便民中心)",9730,39.126,116.382,116,78,105,6.1,6.4,116.1,2.8,51,30,,1.5
1328,2022-06-04 15:00:00,+08:00,"Sanhe Middle School, Langfang (廊坊市三河市第九中学)",9731,39.993,117.039,142,142,60,5.6,5.5,89,8.2,37,33.5,,1.5
1329,2022-06-04 15:00:00,+08:00,"Sanhe City No. 1 Middle School, Langfang (廊坊市三河市第一中学)",9732,39.985,117.039,134,134,51,4.6,6,84.5,8.2,37,33.5,,1.5
1330,2022-06-04 15:00:00,+08:00,"Manchu City Housing and Construction Bureau, Baoding (保定市满城区住建局)",9733,38.948,115.325,112,112,50,4.6,6.4,103.1,2.8,36,34,,2.5
1331,2022-06-04 16:00:00,+08:00,"Qingyuan Transportation Bureau, Baoding (保定市清苑交通局)",9734,38.778,115.486,102,102,49,8.7,3.7,86.4,3.7,36,34,,2.5
1332,2022-06-04 15:00:00,+08:00,"Lishui County Family Planning Bureau, Baoding (保定市涞水县计生局)",9735,39.4,115.72,89,89,47,4.6,2.8,83.8,2.8,38.1,31.6,99.3,3
1333,2022-06-04 15:00:00,+08:00,"Fuping County Chengxiang Primary School, Baoding (保定市阜平县城厢小学)",9736,38.855,114.2,89,89,74,5.6,1,57.8,1,36,34,,2.5
1334,2022-06-04 15:00:00,+08:00,"Xushui District No. 1 Middle School, Baoding (保定市徐水区一中)",9737,39.022,115.669,99,99,57,6.1,6.4,73.4,2.8,50.1,30.8,0.1,3
1335,2022-06-04 15:00:00,+08:00,"Xushui District Geophysical Exploration Bureau, Baoding (保定市徐水区物探局)",9738,39.031,115.638,90,70,52,6.1,7.4,90.3,3.7,50.1,30.8,0.1,3
1336,2022-06-04 15:00:00,+08:00,"Dingxing County Education Bureau, Baoding (保定市定兴县教育局)",9739,39.278,115.796,95,95,63,4.1,2.8,83.2,1.9,50.1,30.8,0.1,3
1337,2022-06-04 15:00:00,+08:00,"Tangyuan Kaiyuan Building, Baoding (保定市唐县开元大厦)",9740,38.737,114.987,99,25,52,2.6,4.6,99.4,3.7,36,34,,2.5
1338,2022-06-04 15:00:00,+08:00,"Gaoyang County Supply and Marketing Cooperative, Baoding (保定市高阳县供销社)",9741,38.682,115.782,102,102,49,2.6,3.7,84.5,2.8,50.1,30.8,0.1,3
1339,2022-06-04 15:00:00,+08:00,"Hebei Rongcheng Middle School, Baoding (保定市河北容城中学)",9742,39.068,115.877,95,95,60,5.1,4.2,86.4,1.9,50.1,30.8,0.1,3
1340,2022-06-04 15:00:00,+08:00,"Wuyuan County Land and Resources Bureau, Baoding (保定市涞源县国土资源局)",9743,39.355,114.704,104,104,86,5.1,1.9,51.3,1,39.9,26.2,0.1,4
1341,2022-06-04 15:00:00,+08:00,"Wangdu Town Government of Wangdu County, Baoding (保定市望都县望都镇政府)",9744,38.706,115.127,109,109,45,7.6,3.7,92.3,3.7,36,34,,2.5
1342,2022-06-04 15:00:00,+08:00,"Anxin County Electric Power Bureau, Baoding (保定市安新县电力局)",9745,38.933,115.932,85,72,46,7.6,2.3,85.1,1.9,50.1,30.8,0.1,3
1343,2022-06-04 16:00:00,+08:00,"Yixian State Taxation Bureau, Baoding (保定市易县国税局)",9746,39.353,115.501,80,80,53,6.6,3.7,76.7,2.8,50.1,30.8,0.1,3
1344,2022-06-04 16:00:00,+08:00,"Quyang Administrative Center, Baoding (保定市曲阳行政中心)",9747,38.614,114.746,83,76,68,5.1,6,83.2,3.7,36,34,,2.5
1345,2022-06-04 16:00:00,+08:00,"Jixian Cultural Center, Baoding (保定市蠡县文化馆)",9748,38.51,115.589,104,104,58,5.6,4.6,87.1,2.8,36,34,,2.5
1346,2022-06-04 15:00:00,+08:00,"Shunping Puyang Power Supply Office, Baoding (保定市顺平县蒲阳供电所)",9749,38.836,115.111,132,132,48,4.1,5.5,93.6,2.8,36,34,,2.5
1347,2022-06-04 15:00:00,+08:00,"Boye County Quality and Technical Supervision Bureau, Baoding (保定市博野县质量技术监督局)",9750,38.455,115.455,142,142,61,7.6,3.7,80.6,2.8,36,34,,2.5
1348,2022-06-04 15:00:00,+08:00,"Xiong County Land and Resources Bureau, Baoding (保定市雄县国土资源局)",9751,39.011,116.123,98,76,50,1.6,4.2,98.1,3.7,50.1,30.8,0.1,3
1349,2022-06-04 15:00:00,+08:00,"Cangzhou Shuangta Middle School, Baoding (保定市涿州市双塔中学)",9752,39.504,115.979,95,95,50,5.6,4.6,81.2,1,37,33.5,,1.5
1350,2022-06-04 15:00:00,+08:00,"Quzhou Taoyuan Office, Baoding (保定市涿州市桃园办事处)",9753,39.473,115.971,109,109,50,6.6,4.2,81.9,1.9,37,33.5,,1.5
1351,2022-06-04 15:00:00,+08:00,"Anguo City Vocational Education Center, Baoding (保定市安国市职教中心)",9754,38.435,115.325,153,153,62,4.6,3.7,92.9,5.5,36,34,,2.5
1352,2022-06-04 15:00:00,+08:00,"Gaobeidian City Radio and TV Station, Baoding (保定市高碑店市广播电视台)",9755,39.32,115.9,137,137,53,3.1,4.2,76.7,2.8,50.1,30.8,0.1,3
1353,,+08:00,"Dingzhou City Transportation Bureau, Dingzhou (定州市定州市交通局)",9756,38.523,114.988,-,,,,,,,38,6,,5.6
1354,,+08:00,"Dingzhou City Bureau of Commerce, Dingzhou (定州市定州市商务局)",9757,38.509,114.984,-,,,,,,,38,6,,5.6
1355,2022-06-04 16:00:00,+08:00,"Hebei Institute of Water Conservancy and Electric Power, Cangzhou (沧州市河北水利电力学院)",9758,38.295,116.801,112,112,89,8.2,7.8,80.6,3.7,53.1,28.8,99,4
1356,2022-06-04 16:00:00,+08:00,"Huangdipu Township Government, Jixian County, Cangzhou (沧州市沧县黄递铺乡政府)",9759,38.234,116.673,94,76,81,5.6,6.4,94.2,5.5,53.1,28.8,99,4
1357,2022-06-04 16:00:00,+08:00,"Yi County Wangjiapu Middle School, Cangzhou (沧州市沧县汪家铺中学)",9760,38.262,116.922,112,112,72,5.1,7.4,76.7,4.6,53.1,28.8,99,4
1358,2022-06-04 16:00:00,+08:00,"Qing County Vocational Education Center, Cangzhou (沧州市青县职教中心)",9761,38.574,116.804,97,97,54,8.2,9.6,94.2,4.6,49.5,30,,1
1359,2022-06-04 16:00:00,+08:00,"Dongguang County Government, Cangzhou (沧州市东光县政府)",9762,37.889,116.537,91,91,67,10.2,8.3,86.4,5.5,53.1,28.8,99,4
1360,2022-06-04 15:00:00,+08:00,"Haixing County Third Middle School, Cangzhou (沧州市海兴县第三中学)",9763,38.138,117.48,72,72,71,6.1,9.2,55.2,3.7,60.2,30.5,,3
1361,2022-06-04 15:00:00,+08:00,"Yanshan County No. 6 Middle School, Cangzhou (沧州市盐山县第六中学)",9764,38.035,117.21,104,104,70,5.6,7.8,50.6,4.6,53.1,28.8,99,4
1362,2022-06-04 16:00:00,+08:00,"Suning Library, Cangzhou (沧州市肃宁图书馆)",9765,38.433,115.82,94,74,52,5.6,4.6,93.6,4.6,36,34,,2.5
1363,2022-06-04 15:00:00,+08:00,"Nanpi County Environmental Protection Bureau, Cangzhou (沧州市南皮县环保局)",9766,38.05,116.704,82,82,72,7.1,11,66.2,4.6,53.1,28.8,99,4
1364,2022-06-04 16:00:00,+08:00,"Wuqiao County Education Bureau, Cangzhou (沧州市吴桥县教育局)",9767,37.63,116.416,93,93,84,9.2,5.5,68.2,5.5,65.1,28.5,,2
1365,2022-06-04 16:00:00,+08:00,"Xianxian Transportation Bureau, Cangzhou (沧州市献县交通局)",9768,38.194,116.147,104,104,72,6.1,4.2,101.1,4.6,53.1,28.8,99,4
1366,2022-06-04 16:00:00,+08:00,"Mengcun Environmental Protection Bureau, Cangzhou (沧州市孟村环境保护局)",9769,38.045,117.098,93,93,69,5.1,10.1,62.3,4.6,53.1,28.8,99,4
1367,2022-06-04 16:00:00,+08:00,"pō tóu yī zhōng, Cangzhou (沧州市泊头一中)",9770,38.079,116.57,107,107,71,9.7,5.5,84.5,4.6,53.1,28.8,99,4
1368,2022-06-04 16:00:00,+08:00,"Botou Fangyuan Community, Cangzhou (沧州市泊头方圆小区)",9771,38.079,116.593,112,112,71,8.2,6.4,74.7,3.7,53.1,28.8,99,4
1369,2022-06-04 16:00:00,+08:00,"Renqiu National Land Bureau, Cangzhou (沧州市任丘国土局)",9772,38.694,116.124,92,82,47,5.6,5.1,92.3,2.8,50.1,30.8,0.1,3
1370,2022-06-04 16:00:00,+08:00,"Renqiu City Oil Production Plant, Cangzhou (沧州市任丘市采油一厂)",9773,38.675,116.091,97,68,46,4.6,4.6,96.8,1.9,50.1,30.8,0.1,3
1371,2022-06-04 16:00:00,+08:00,"Beijing Jiaotong University Seaside College, Cangzhou (沧州市北京交通大学海滨学院)",9774,38.385,117.313,97,97,63,7.1,8.3,59.7,3.7,49.5,30,,1
1372,2022-06-04 16:00:00,+08:00,"Zhenhua Building, No.1 Middle School, Huangpi City, Cangzhou (沧州市黄骅市第一中学振华楼)",9775,38.375,117.365,85,85,72,8.2,9.6,55.8,4.6,49.5,30,,1
1373,2022-06-04 16:00:00,+08:00,"Hejian three hospitals, Cangzhou (沧州市河间三部医院)",9776,38.444,116.095,95,78,55,4.6,3.7,94.9,2.8,53.1,28.8,99,4
1374,2022-06-04 16:00:00,+08:00,"Hejian City Government, Cangzhou (沧州市河间市政府)",9777,38.447,116.092,86,68,56,5.1,3.2,86.4,2.8,53.1,28.8,99,4
1375,2022-06-04 16:00:00,+08:00,"Binhu New District Management Committee, Hengshui (衡水市滨湖新区管委会)",9778,37.648,115.65,117,117,73,6.1,6.9,101.1,4.6,65.1,28.5,,2
1376,2022-06-04 16:00:00,+08:00,"Zaoqiang Kangcheng Community, Hengshui (衡水市枣强康城小区)",9779,37.509,115.704,104,80,75,6.1,5.1,104.1,4.6,65.1,28.5,,2
1377,2022-06-04 16:00:00,+08:00,"Wuyi County Letters and Calls Bureau, Hengshui (衡水市武邑县信访局)",9780,37.801,115.881,137,137,77,6.6,4.6,106.6,5.5,53.1,28.8,99,4
1378,2022-06-04 16:00:00,+08:00,"Wuqiang County Transportation Bureau, Hengshui (衡水市武强县交通局)",9781,38.041,115.983,119,119,72,8.2,7.4,109.6,2.8,53.1,28.8,99,4
1379,2022-06-04 16:00:00,+08:00,"Raoyang County Local Taxation Bureau, Hengshui (衡水市饶阳县地税局)",9782,38.228,115.718,132,132,58,6.1,5.5,102.6,3.7,36,34,,2.5
1380,2022-06-04 16:00:00,+08:00,"Anping County Party Committee, Hengshui (衡水市安平县县委)",9783,38.233,115.512,93,78,47,3.6,6.4,92.9,5.5,36,34,,2.5
1381,2022-06-04 16:00:00,+08:00,"Gucheng County Forestry Bureau, Hengshui (衡水市故城县林业局)",9784,37.36,115.935,122,122,71,6.1,7.4,78.6,5.5,65.1,28.5,,2
1382,2022-06-04 16:00:00,+08:00,"Jingxian National Tower Test Center, Hengshui (衡水市景县国家塔桅检验中心)",9785,37.676,116.251,104,104,70,5.1,7.8,91.6,4.6,65.1,28.5,,2
1383,2022-06-04 16:00:00,+08:00,"Jingxian Transportation Bureau, Hengshui (衡水市景县交通局)",9786,37.691,116.234,147,147,59,7.6,9.6,99.4,5.5,65.1,28.5,,2
1384,2022-06-04 16:00:00,+08:00,"Yucheng County Fifth Primary School, Hengshui (衡水市阜城县第五小学)",9787,37.867,116.151,147,147,81,8.2,6.4,101.1,4.6,53.1,28.8,99,4
1385,2022-06-04 16:00:00,+08:00,"Yinzhou District Housing and Construction Bureau, Hengshui (衡水市冀州区住建局)",9788,37.541,115.584,102,102,63,5.1,4.2,101.6,4.6,65.1,28.5,,2
1386,2022-06-04 16:00:00,+08:00,"Yinzhou District Surface Water Plant, Hengshui (衡水市冀州区地表水厂)",9789,37.549,115.605,134,134,60,4.6,6.4,97.5,8.2,65.1,28.5,,2
1387,2022-06-04 16:00:00,+08:00,"Shenzhou Gymnasium, Hengshui (衡水市深州市体育馆)",9790,38.005,115.573,118,114,63,8.2,4.6,117.6,4.6,36,34,,2.5
1388,,+08:00,"Huangsi Township Government of Xingtai County, Xingtai (邢台市邢台县皇寺乡政府)",9791,37.183,114.348,-,,,,,,,87,29.8,2.1,1
1389,,+08:00,"Xingtai County Nanshimen Electric Power Training Center, Xingtai (邢台市邢台县南石门电力培训中心)",9792,37.058,114.403,-,,,,,,,87,29.8,2.1,1
1390,2022-06-04 16:00:00,+08:00,"Lincheng County Transportation Bureau, Xingtai (邢台市临城县交通运输局)",9793,37.441,114.528,115,85,60,7.1,6,115.1,4.6,36,34,,2.5
1391,2022-06-04 16:00:00,+08:00,"Neiqiu County Water Affairs Bureau, Xingtai (邢台市内丘县水务局)",9794,37.286,114.494,106,76,54,4.1,6.4,105.6,5.5,50.1,29.9,,2
1392,2022-06-04 16:00:00,+08:00,"Baixiang Hotel, Baixiang County, Xingtai (邢台市柏乡县汉柏大酒店)",9795,37.485,114.702,96,85,40,6.6,2.8,96.2,2.8,36,34,,2.5
1393,2022-06-04 16:00:00,+08:00,"Longyan County Cultural Development Center, Xingtai (邢台市隆尧县文化发展中心)",9796,37.346,114.792,101,68,53,8.2,2.3,101.1,7.3,50.1,29.9,,2
1394,2022-06-04 16:00:00,+08:00,"Renxian Weinan Revolutionary Memorial Hall, Xingtai (邢台市任县冀南革命纪念馆)",9797,37.143,114.714,103,72,51,5.6,2.3,103.1,5.5,50.1,29.9,,2
1395,,+08:00,"Nanhe County No. 1 Middle School, Xingtai (邢台市南和县第一中学)",9798,37.015,114.671,-,,,,,,,87,29.8,2.1,1
1396,2022-06-04 16:00:00,+08:00,"Ningjin County experiment a small, Xingtai (邢台市宁晋县实验一小)",9799,37.624,114.937,85,21,63,6.6,4.6,85.1,3.7,36,34,,2.5
1397,2022-06-04 16:00:00,+08:00,"Ningjin County Environmental Protection Bureau, Xingtai (邢台市宁晋县环保局)",9800,37.61,114.921,90,65,55,6.1,3.7,89.7,3.7,36,34,,2.5
1398,2022-06-04 16:00:00,+08:00,"Julu County Xidelai Furniture Factory, Xingtai (邢台市巨鹿县喜得来家具厂)",9801,37.218,115.031,99,99,53,6.6,2.8,96.8,5.5,50.1,29.9,,2
1399,2022-06-04 16:00:00,+08:00,"Xinhe County Water Affairs Bureau, Xingtai (邢台市新河县水务局)",9802,37.524,115.264,119,119,62,10.2,3.7,109.6,10.9,36,34,,2.5
1400,2022-06-04 16:00:00,+08:00,"Guangzong County People's Bureau, Xingtai (邢台市广宗县人社局)",9803,37.059,115.139,85,57,50,7.1,6,84.5,4.6,50.1,29.9,,2
1401,2022-06-04 16:00:00,+08:00,"Pingxiang County Local Taxation Bureau, Xingtai (邢台市平乡县地税局)",9804,37.052,115.014,99,93,52,4.6,4.2,98.8,4.6,50.1,29.9,,2
1402,2022-06-04 16:00:00,+08:00,"Weixian Shuangchuang Park, Xingtai (邢台市威县双创园)",9805,36.984,115.317,97,97,53,5.1,5.1,75.3,4.6,50.1,29.9,,2
1403,2022-06-04 16:00:00,+08:00,"Qinghe County Environmental Protection Bureau, Xingtai (邢台市清河县环保局)",9806,37.037,115.655,91,91,64,7.1,6.4,83.2,4.6,65.1,28.5,,2
1404,2022-06-04 15:00:00,+08:00,"Linxi County Experimental Middle School, Xingtai (邢台市临西县实验中学)",9807,36.873,115.479,97,97,74,5.1,5.5,76.7,3.7,48,32.3,,1
1405,2022-06-04 16:00:00,+08:00,"Nangong First Primary School, Xingtai (邢台市南宫第一小学)",9808,37.339,115.381,127,127,55,6.1,6,105.1,6.4,50.1,29.9,,2
1406,2022-06-04 16:00:00,+08:00,"Nangong City Pure Water Bank Community, Xingtai (邢台市南宫市纯水岸小区)",9809,37.367,115.369,99,99,56,4.1,5.5,87.7,7.3,50.1,29.9,,2
1407,,+08:00,"Shahe Municipal Bureau of Justice, Xingtai (邢台市沙河市司法局)",9810,36.877,114.512,-,,,,,,,87,29.8,2.1,1
1408,2022-06-04 16:00:00,+08:00,"Shahe Municipal Government, Xingtai (邢台市沙河市市政府)",9811,36.855,114.497,119,119,59,7.1,6.4,100.1,5.5,50.1,29.9,,2
1409,2022-06-04 16:00:00,+08:00,"Laoshan District Finance Bureau, Handan (邯郸市邯山区财政局)",9812,36.594,114.526,90,78,59,4.1,5.5,89.7,2.8,50.1,29.9,,2
1410,2022-06-04 16:00:00,+08:00,"Fuxing District Meteorological Observatory, Handan (邯郸市复兴区气象观测站)",9813,36.625,114.463,81,63,30,6.1,5.1,80.6,5.5,50.1,29.9,,2
1411,2022-06-04 16:00:00,+08:00,"Fuxing District No. 10 Middle School, Handan (邯郸市复兴区第十中学)",9814,36.617,114.45,81,55,36,5.1,3.2,81.2,6.4,50.1,29.9,,2
1412,2022-06-04 16:00:00,+08:00,"Yuefeng Canal Management Office, Handan (邯郸市跃峰渠管理处)",9815,36.443,114.2,127,127,66,8.7,6.9,88.4,8.2,61.9,29.8,,3
1413,2022-06-04 16:00:00,+08:00,"Fengfeng Linshui Police Station, Handan (邯郸市峰峰临水派出所)",9816,36.42,114.218,94,82,57,8.2,6,94.2,9.1,61.9,29.8,,3
1414,,+08:00," Linyi County Administrative Service Center, Handan (邯郸市 临漳县行政服务中心)",9817,36.321,114.586,-,,,,,,,73.2,29.2,99.2,1
1415,2022-06-04 16:00:00,+08:00,"chéng ān xiàn xīn yī zhōng, Handan (邯郸市成安县新一中)",9818,36.453,114.693,87,87,74,5.6,6.9,85.1,4.6,61.9,29.8,,3
1416,2022-06-04 16:00:00,+08:00,"Daming County Supervision Bureau, Handan (邯郸市大名县监察局)",9819,36.293,115.147,85,85,83,8.2,5.5,76.7,5.5,48,32.3,,1
1417,2022-06-04 16:00:00,+08:00,"Daming County People's Congress Standing Committee, Handan (邯郸市大名县人大常委会)",9820,36.291,115.155,97,97,77,7.1,4.6,71.4,4.6,48,32.3,,1
1418,,+08:00,"Houxian Huayi Sun City Hill, Handan (邯郸市涉县华艺太阳城后小山)",9821,36.586,113.662,-,,,,,,,85.9,23.7,0.9,2
1419,2022-06-04 16:00:00,+08:00,"Cixian Xiangyang Primary School, Handan (邯郸市磁县滏阳小学)",9822,36.36,114.388,87,87,83,10.2,8.7,80.6,3.7,61.9,29.8,,3
1420,2022-06-04 16:00:00,+08:00,"Cixian New Second Middle School, Handan (邯郸市磁县新二中)",9823,36.376,114.394,107,107,73,9.2,8.3,83.2,4.6,61.9,29.8,,3
1421,2022-06-04 16:00:00,+08:00,"Xiangquan Yuyuan Community, Handan (邯郸市香泉濮院小区)",9824,36.566,114.798,97,97,62,4.1,3.7,92.3,4.6,50.1,29.9,,2
1422,2022-06-04 16:00:00,+08:00,"Yongnianhe University of Technology Shaoguan Campus, Handan (邯郸市永年河工大洺关校区)",9825,36.754,114.475,93,93,61,6.6,6.4,92.3,5.5,50.1,29.9,,2
1423,2022-06-03 16:00:00,+08:00,"Yongnian County Experimental High School, Handan (邯郸市永年县区实验高中)",9826,36.77,114.5,111,87,58,3.6,4.2,110.6,3.7,26.1,36.2,,8
1424,2022-06-04 16:00:00,+08:00,"Qiu County Market Administration, Handan (邯郸市邱县市场管理局)",9827,36.819,115.174,95,13,55,4.6,4.2,94.9,2.8,50.1,29.9,,2
1425,,+08:00,"Jize County First Middle School, Handan (邯郸市鸡泽县第一中学)",9828,36.908,114.895,-,,,,,,,87,29.8,2.1,1
1426,2022-06-04 16:00:00,+08:00,"Guangping County Committee, Handan (邯郸市广平县委)",9829,36.484,114.949,124,124,50,5.6,6.4,89,5.5,61.9,29.8,,3
1427,2022-06-04 16:00:00,+08:00,"Guantao County Science and Technology Museum, Handan (邯郸市馆陶县科技馆)",9830,36.548,115.271,127,127,98,9.2,7.4,76,5.5,48,32.3,,1
1428,2022-06-04 16:00:00,+08:00,"Wei County First Complete Xiaokang Branch, Handan (邯郸市魏县第一完小康疃分校)",9831,36.334,114.935,119,119,78,8.7,9.6,89,7.3,61.9,29.8,,3
1429,,+08:00,"Quzhou County Hanguang Heavy Industry Co., Ltd., Handan (邯郸市曲周县汉光重工公司)",9832,36.751,114.979,-,,,,,,,87,29.8,2.1,1
1430,2022-06-04 16:00:00,+08:00,"Wu'an Yizhong, Handan (邯郸市武安一中)",9833,36.675,114.218,97,59,45,9.2,5.1,96.8,4.6,50.1,29.9,,2
1431,,+08:00,"Wu'an Baiheguan Street, Handan (邯郸市武安白鹤观街)",9834,36.703,114.187,-,,,,,,,87,29.8,2.1,1
1432,2022-06-04 16:00:00,+08:00,"jìn zhōu lǎogànbù jú, Shijiazhuang (石家庄市晋州老干部局)",10430,38.026,115.011,91,91,62,2.6,2.8,80.6,3.7,36,34,,2.5
1433,2022-06-04 16:00:00,+08:00,"Guye Building Materials Community, Tangshan (唐山市古冶建材楼小区)",10431,40.268,118.695,149,149,65,5.1,9.2,35,8.2,79,21.5,0.2,3
1434,,+08:00,"Jize County Shijing Middle School, Handan (邯郸市鸡泽县诗经中学)",10432,36.9,114.851,-,,,,,,,87,29.8,2.1,1
1435,2022-06-04 16:00:00,+08:00,"Lower Garden District Hospital, Zhangjiakou (张家口市下花园区医院)",10433,40.494,115.27,78,78,74,4.6,2.8,57.1,2.8,36,29.1,0.4,4
1436,2022-06-04 16:00:00,+08:00,"Kuancheng No. 2 Middle School, Chengde (承德市宽城二中)",10434,40.607,118.474,112,112,60,5.6,6.4,43.5,10,79,21.5,0.2,3
1437,,+08:00,"Gu'an County, Langfang (廊坊市固安县一中)",10435,39.456,116.291,-,,,,,,,32,4,,9.7
1438,,+08:00,"Xianghe County No. 1 Middle School, Langfang (廊坊市香河县一中)",10436,39.758,116.997,-,,,,,,,32,4,,9.7
1439,2022-06-04 16:00:00,+08:00,"Dachang County Government, Langfang (廊坊市大厂县政府)",10437,39.892,116.997,137,137,66,8.2,3.7,87.1,10.9,34,34,,1.5
1440,2022-06-04 16:00:00,+08:00,"Bazhou Gangyi Hotel, Langfang (廊坊市霸州港益酒店)",10438,39.154,116.352,106,21,30,1.6,3.2,105.6,4.6,51,30,,1.5
1441,2022-06-04 16:00:00,+08:00,"Bazhou Third Primary School, Langfang (廊坊市霸州市第三小学)",10439,39.124,116.417,105,42,43,7.1,10.6,104.6,2.8,49.5,30,,1
1442,2022-06-04 16:00:00,+08:00,Shijiazhuang (石家庄),1454,38.042307,114.51486,94,87,56,4.1,3.7,94.2,4.6,36,34,,2.5
1443,2022-06-04 16:00:00,+08:00,Tangshan (唐山),1455,39.630867,118.180194,85,85,60,4.6,9.2,50,5.5,51,30,99.2,1.5
1444,2022-06-04 16:00:00,+08:00,Qinhuangdao (秦皇岛),1456,39.935377,119.600492,57,57,28,2.6,11,27.3,3.7,79,21.5,0.2,3
1445,2022-06-04 16:00:00,+08:00,Handan (邯郸),1457,36.625604,114.539085,88,82,40,4.1,5.5,87.7,7.3,50.1,29.9,2.1,2
1446,2022-06-04 16:00:00,+08:00,Baoding (保定),1458,38.873891,115.464806,101,63,48,6.1,4.6,100.6,6.4,36,34,,2.5
1447,2022-06-04 16:00:00,+08:00,Xingtai (邢台),1459,37.070589,114.504844,95,95,48,2.6,5.1,93.6,6.4,50.1,29.9,,2
1448,2022-06-04 16:00:00,+08:00,Zhangjiakou (张家口),1460,40.824418,114.887543,68,68,59,2.1,4.6,48,3.7,33,28.3,0.5,6
1449,2022-06-04 16:00:00,+08:00,Chengde (承德),1461,40.954071,117.962411,72,72,44,4.6,7.4,51.9,5.5,73.1,23.5,0.5,2
1450,2022-06-04 16:00:00,+08:00,Cangzhou (沧州),1462,38.304477,116.838835,85,85,60,7.6,8.7,83.2,6.4,51,30,,1.5
1451,2022-06-04 16:00:00,+08:00,Langfang (廊坊),1463,39.538047,116.683752,91,91,46,3.1,6,89.7,5.5,34,34,,1.5
1452,2022-06-04 16:00:00,+08:00,Hengshui (衡水),1464,37.73892,115.670177,127,127,75,5.6,5.5,109.1,4.6,53.1,28.8,99,4
1453,2022-06-04 16:00:00,+08:00,Xinji (辛集),5194,37.943123,115.218021,83,70,45,4.1,5.1,82.5,3.7,36,34,,2.5
1454,2022-06-04 16:00:00,+08:00,Dingzhou (定州),5195,38.516168,114.990251,95,95,57,4.6,7.8,91,3.7,36,34,,2.5
1455,,+0800,"Fukang road, Tianjin",694,117.15778,39.09812,-,,,,,,,,,,1.8
1456,2022-06-04 16:00:00,+08:00,"Nankou road, Tianjin (天津南口路)",695,39.17295,117.1933667,87,87,38,5.1,5.5,,10.9,51,30,,1.5
1457,2022-06-04 16:00:00,+08:00,"Qinjian street, Tianjin (天津勤俭道)",696,39.16543333,117.1446333,124,124,54,5.6,6.4,,10.9,51,30,,1.5
1458,2016-06-01 10:00:00,+0800,"Nanjing Road, Tianjin",697,39.11991,117.18879,-,104,70,20.3,24.3,27,25.1,16,27,,4.9
1459,2022-06-04 16:00:00,+08:00,"Dazhigu No.8 road, Tianjin (天津大直沽八号路)",698,39.11083,117.2452,117,117,55,4.6,8.3,,10.9,51,30,,1.5
1460,2022-06-04 16:00:00,+08:00,"Qianjin street, Tianjin (天津前进道)",699,39.0927,117.2016833,119,119,61,4.6,8.3,,12.7,51,30,,1.5
1461,2022-06-04 16:00:00,+08:00,"Huaihe street, Tianjin (天津淮河道)",700,39.22605,117.18495,117,117,56,7.1,6.9,,11.8,51,30,,1.5
1462,2016-03-15 09:00:00,+0800,"Xiangshan street, Tianjin",701,39.13375,117.2688333,-,165,130,27.4,33.9,12,15.4,29,14,,4
1463,2022-06-04 16:00:00,+08:00,"Yuejin Road, Tianjin (天津跃进路)",702,39.08714,117.3145,129,129,73,5.1,9.6,,11.8,51,30,,1.5
1464,,+0800,"Zhujiang street, Tianjin",703,39.0635,117.225,-,,,,,,,,,,1.8
1465,2022-06-04 16:00:00,+08:00,"No.4 street, Tianjin (天津第四大街)",704,39.03431667,117.70715,171,171,100,3.6,24.7,,15.4,51,30,,1.5
1466,2022-06-04 16:00:00,+08:00,"Yongming road, Tianjin (天津永明路)",705,38.83945,117.45735,144,144,76,6.6,11,,8.2,51,30,,1.5
1467,,+0800,"Xinhua street, Tianjin",706,39.13766667,117.0039333,-,,,,,,,,,,1.8
1468,2022-06-04 16:00:00,+08:00,"Jingu Road, Tianjin (天津津沽路)",707,38.98458333,117.3747333,157,157,71,6.1,10.1,,10.9,51,30,,1.5
1469,2021-01-21 08:00:00,+08:00,"Tanggu Yingkou street, Tianjin (天津塘沽营口道)",708,39.02096667,117.6503,190,190,87,6.6,35.2,,18.1,79,-4,,0.5
1470,2022-06-04 16:00:00,+08:00,"Hexi Yijing road, Tianjin (天津河西一经路)",709,39.24735,117.7917667,149,149,63,8.7,11,,14.5,51,30,,1.5
1471,2022-06-04 16:00:00,+08:00,"Jianshe Road, Tianjin (天津建设路)",710,39.7188,117.30415,124,124,53,7.1,8.7,,10.9,51,30,,1.5
1472,,+08:00,"Quanzhou South road, Tianjin (天津泉州南路)",711,39.37261667,117.0439833,-,,,,,,,56,5,,1.5
1473,,+08:00,"Donghuan road, Tianjin (天津东环路)",712,40.04175,117.4444167,-,,,,,,,48,5,,1.5
1474,2022-06-04 16:00:00,+08:00,"Tuanpowa, Tianjin (天津团泊洼)",713,38.91943333,117.1566333,156,156,90,4.6,10.1,,15.4,51,30,,1.5
1475,2022-06-04 16:00:00,+08:00,"Guangming Road, Tianjin (天津光明路)",714,39.32815,117.8165667,112,112,61,3.6,8.3,,10,51,30,,1.5
1476,,+0800,"Beiwei No.2 road, Tianjin",715,38.94316667,116.9148,-,,,,,,,,,,1.8
1477,2021-01-21 08:00:00,+08:00,"Haitai fazhan No.2 road, Tianjin (天津海泰发展二路)",716,39.07846667,117.0901667,170,170,70,5.1,28.4,,14.5,79,-4,,0.5
1478,2022-06-04 16:00:00,+08:00,"Hangtian road, Tianjin (天津航天路)",717,39.15106667,117.3747667,104,104,50,4.1,7.8,,12.7,51,30,,1.5
1479,2022-06-04 16:00:00,+08:00,"Hanbei road, Tianjin (天津汉北路)",718,39.15875,117.7641667,152,152,68,4.1,10.1,,14.5,51,30,,1.5
1480,2022-06-04 16:00:00,+08:00,"Guang'an street, Tianjin (天津广安道)",719,38.84516667,116.7794167,164,164,67,4.1,9.2,,9.1,51,30,,1.5
1481,2022-04-13 10:00:00,+08:00,"Baobai highway, Tianjin (天津宝白公路)",720,39.51626667,117.3431167,87,87,51,8.7,9.6,,7.3,35,15,,3.6
1482,2022-06-04 16:00:00,+08:00,"Waterfront East Street, Tianjin (天津滨水东路)",7974,39.32815,117.8165667,112,112,61,3.6,8.3,,10,51,30,,1.5
1483,2022-06-04 16:00:00,+08:00,"YongYang Xidao, Tianjin (天津雍阳西道)",7975,39.384055,117.04264,102,102,75,5.6,4.6,,10,51,30,,1.5
1484,2021-01-21 08:00:00,+08:00,"Yuyang road, Tianjin (天津渔阳路)",8316,39.6939166,117.293766,173,173,88,5.6,23.8,,15.4,79,-4,,0.5
1485,2022-06-04 16:00:00,+08:00,"Binshui Xidao, Tianjin (天津宾水西道)",8317,39.09812,117.15778,102,102,45,3.6,7.4,,12.7,51,30,,1.5
1486,,+08:00,"Jīn tóng lù, Tianjin (天津津同路)",8629,39.141,116.991,-,,,,,,,56,5,,1.5
1487,,+08:00,"Guǎng hǎidào, Tianjin (天津广海道)",8754,38.94316667,116.9148,-,,,,,,,56,5,,1.5
1488,2022-06-04 16:00:00,+08:00,"Dali Road, Tianjin (天津大理道)",8931,39.1067166666667,117.19405,129,129,57,4.1,6.9,,11.8,51,30,,1.5
1489,2021-01-21 08:00:00,+08:00,"天和路, Tianjin (天津天和路)",9835,39.340897222222225,117.12033055555555,169,169,84,2.6,24.7,,12.7,79,-4,,0.5
1490,2022-06-04 16:00:00,+08:00,"北环路, Tianjin (天津北环路)",9836,40.06611111111111,117.42333333333333,132,132,55,9.2,6,,15.4,34,34,,1.5
1491,2022-06-04 16:00:00,+08:00,"地纬路, Tianjin (天津地纬路)",9837,38.93830555555556,116.97061111111111,149,149,62,4.1,6.9,,8.2,51,30,,1.5
1492,2022-06-04 16:00:00,+08:00,"辛老路, Tianjin (天津辛老路)",9838,39.06077777777778,117.03005555555555,134,134,65,4.6,7.8,,10.9,51,30,,1.5
1493,2022-06-04 16:00:00,+08:00,"Taigu Primary School, Ningbo (太古小学)",951,29.859703,121.598744,72,72,13,3.1,5.5,39.8,4.6,74,30,,0.5
1494,2022-06-04 16:00:00,+08:00,"Qianhu shuihan, Ningbo (市环境监测中心)",952,29.864991,121.528581,46,46,19,4.6,4.6,,3.7,74,30,,0.5
1495,,+08:00,"Sanjiang secondary schools, Ningbo (三江中学)",953,29.894861,121.564012,-,,,,,,,74,30,,0.5
1496,2022-06-04 16:00:00,+08:00,"Longsai Hospital, Ningbo (龙赛医院)",954,29.960215,121.723047,42,42,22,2.1,5.5,42.3,5.5,74,30,,0.5
1497,2022-06-04 16:00:00,+08:00,"Beilun District EPB, Ningbo (区环保大楼(北仑))",955,29.91421,121.846615,68,68,35,3.6,30.2,9.8,0.1,74,30,,0.5
1498,2022-06-04 16:00:00,+08:00,"Wanli University, Ningbo (万里学院)",956,29.823933,121.570251,70,70,18,4.6,3.2,45.9,5.5,74,30,,0.5
1499,2022-06-04 16:00:00,+08:00,"Qianhu water plant, Ningbo (钱湖水厂)",957,29.776796,121.644264,46,46,13,3.1,2.8,37,6.4,74,30,,0.5
1500,,+08:00,"Municipal management station, Ningbo (市政管理站)",958,29.9018,121.622588,-,,,,,,,74,30,,0.5
1501,2022-06-04 16:00:00,+08:00,"Daxie Literary Museum, Ningbo (大榭/文艺馆)",4682,29.905193,121.982324,34,34,15,2.6,11.9,20.4,0.1,74,30,,0.5
1502,2022-06-04 16:00:00,+08:00,"Cixi EPB, Ningbo (慈溪/环保大楼)",4683,30.166177,121.278649,42,42,30,2.6,3.7,39,0.1,74,30,,0.5
1503,2022-06-04 16:00:00,+08:00,"Cixi Experimently Primary School, Ningbo (慈溪/实验小学)",4684,30.182241,121.264327,34,25,24,2.6,5.1,33.8,0.1,74,30,,0.5
1504,2022-06-04 16:00:00,+08:00,"Yongsan Park, Yuyao, Ningbo (余姚/龙山公园)",4685,30.053171,121.158024,42,42,19,2.6,3.7,39.8,0.1,74,30,,0.5
1505,2022-06-04 16:00:00,+08:00,"Qilupu Water Company, Yuyao, Ningbo (余姚/七里浦水厂)",4686,30.048121,121.13124,42,42,17,3.1,4.2,34.6,0.1,74,30,,0.5
1506,,+08:00,"Fenghua EPB, Ningbo (奉化/环保大楼)",4687,29.668853,121.416189,-,,,,,,,30,12,,5.6
1507,2022-06-04 16:00:00,+08:00,"Yuelong station, Ninghai, Ningbo (宁海/跃龙站)",4688,29.299022,121.441428,38,38,20,2.6,2.3,34.6,0.1,74,30,,0.5
1508,2022-06-04 16:00:00,+08:00,"Wenfeng Primary School, Xiangshan, Ningbo (象山/文峰小学)",4689,29.479302,121.896406,34,30,19,3.6,6,33.8,0.1,74,30,,0.5
1509,2022-06-04 16:00:00,+08:00,"Chengnan Primary School, Ninghai, Ningbo (宁海/城南小学)",4690,29.29136,121.431015,53,53,23,3.6,2.8,32.9,0.1,74,30,,0.5
1510,2022-06-04 16:00:00,+08:00,"Xingang Primary School, Xiangshan, Ningbo (象山/新港小学)",4691,29.204366,121.943954,152,152,41,4.6,6,52.6,0.1,74,30,,0.5
1511,2022-06-04 16:00:00,+08:00,"Haishu City Monitoring Center, Ningbo (海曙/市监测中心)",6399,29.870926,121.534919,46,46,19,4.6,4.6,37.4,0.1,74,30,,0.5
1512,2022-06-04 16:00:00,+08:00,"Jiangbei cí chéng chéng xiào, Ningbo (江北/慈城成校)",6400,29.992252,121.457411,50,50,16,4.6,5.1,35,0.1,74,30,,0.5
1513,2022-06-04 16:00:00,+08:00,"Fenghua Xikou government, Ningbo (奉化/溪口镇政府)",6401,29.695438,121.288293,28,50,19,1.6,2.8,28.1,0.1,74,30,,0.5
1514,2022-06-04 16:00:00,+08:00,"Wanli International, Ningbo (高新/万里国际)",8533,29.902583,121.623651,55,55,21,3.1,2.3,38.2,0.1,74,30,,0.5
1515,2022-06-04 16:00:00,+08:00,"Hangzhou bay Vocational school, Ningbo (杭州湾/杭州湾职校)",8534,30.325372,121.205154,42,42,9,3.1,4.6,26.4,0.1,74,30,,0.5
1516,2022-06-04 16:00:00,+08:00,"Wolong bridge, Hangzhou (杭州市卧龙桥)",721,30.246,120.128,30,30,12,2.6,6.9,41.5,5.5,83,28,,2.5
1517,2021-01-01 01:00:00,+08:00,"Zhāohuī zone 5, Hangzhou (杭州市朝晖五区)",722,30.288,120.171,102,102,68,3.1,32,1.7,6.4,79,-4,,0.5
1518,2022-06-04 16:00:00,+08:00,"Bīnjiāng, Hangzhou (杭州市滨江)",723,30.21,120.210833,42,42,23,0.6,8.3,44.7,6.4,83,28,,2.5
1519,2022-06-04 16:00:00,+08:00,"Hemu primary school, Hangzhou (杭州市和睦小学)",724,30.31194444,120.1197222,34,34,12,1.6,10.6,42.3,6.4,83,28,,2.5
1520,2022-06-04 16:00:00,+08:00,"Zhejiang Agricultural University, Hangzhou (杭州市浙江农大)",725,30.268,120.193,25,25,12,2.1,6.9,53.9,4.6,83,28,,2.5
1521,2022-06-04 16:00:00,+08:00,"Xiasha, Hangzhou (杭州市下沙)",726,30.30583333,120.3480556,59,59,26,2.1,6,56.5,3.7,83,28,,2.5
1522,2022-06-04 16:00:00,+08:00,"Yunqi, Hangzhou (杭州市云栖)",727,30.18083333,120.0883333,34,34,25,3.6,7.4,41.1,5.5,83,28,,2.5
1523,2022-06-04 16:00:00,+08:00,"Xixi, Hangzhou (杭州市西溪)",728,30.27472222,120.0633333,42,42,17,4.6,6,26.4,5.5,83,28,,2.5
1524,2022-06-04 16:00:00,+08:00,"Chengxiang town, Hangzhou (杭州市城厢镇)",729,30.18194444,120.2697222,46,46,26,1.6,8.3,39.4,4.6,83,28,,2.5
1525,2021-01-01 01:00:00,+08:00,"Qiandao lake, Hangzhou (杭州市千岛湖)",730,29.633,119.0315,73,53,73,2.1,4.2,21.2,2.8,64.1,-1.5,0.1,1
1526,2022-06-04 16:00:00,+08:00,"Linping town, Hangzhou (杭州市临平镇)",731,30.418333,120.300556,21,21,8,1.6,5.5,54.5,6.4,83,28,,2.5
1527,2022-06-04 15:00:00,+08:00,"Fuyang monitoring station, Hangzhou (杭州市富阳市富阳监测站)",732,30.051,119.9589,50,50,30,1.6,1,24.4,4.6,83,28,,2.5
1528,,+08:00,"Fuyang No.2 middle school, Hangzhou",733,30.0469,119.9518,-,,,,,,,81,9.15,,
1529,,+08:00,"Lin'an City Hall, Hangzhou",734,30.23666667,119.7186111,-,,,,,,,81,9.15,,
1530,2018-09-14 16:00:00,+08:00,"Lin'an No.4 middle school, Hangzhou",735,30.23194444,119.6947222,117,117,54,0.6,4.2,,5.5,62,32.15,,
1531,2022-06-04 16:00:00,+08:00,"City Station, Wenzhou (温州市市站)",736,28.013044,120.675116,89,89,50,2.1,13.3,60.4,6.4,80.8,27.8,99.2,1
1532,2022-06-04 16:00:00,+08:00,"Ouhai, Wenzhou (温州市瓯海)",737,28.005239,120.638037,78,78,26,2.6,10.6,48.4,6.4,80.8,27.8,99.2,1
1533,2022-06-04 16:00:00,+08:00,"Longwan, Wenzhou (温州市龙湾)",738,27.971359,120.764294,65,65,40,2.6,16.5,28.5,5.5,80.8,27.8,99.2,1
1534,2022-06-04 16:00:00,+08:00,"Nanpu, Wenzhou (温州市南浦)",739,27.985079,120.679665,95,95,44,3.1,12.4,54.5,5.5,80.8,27.8,99.2,1
1535,2022-06-04 14:00:00,+08:00,"Monitoring station, Jiaxing (嘉兴市监测站)",740,30.75666667,120.7630556,70,68,29,2.6,6,69.5,5.5,83,28,,2.5
1536,2022-06-04 16:00:00,+08:00,"Jiaxing University, Jiaxing (嘉兴市嘉兴学院)",741,30.747405,120.730691,80,80,30,2.1,8.3,44.7,4.6,83,28,,2.5
1537,2022-06-04 16:00:00,+08:00,"Qinghe Primary School, Jiaxing (嘉兴市清河小学)",742,30.777969,120.743647,59,59,28,3.1,7.4,44.3,5.5,83,28,,2.5
1538,2022-06-04 14:00:00,+08:00,"Chengbei water plant, Huzhou (湖州市城北水厂)",743,30.893198,120.091724,70,70,37,2.1,6,46.3,6.4,83,28,,2.5
1539,,+08:00,"Jishan new village, Huzhou",744,30.862005,120.115328,-,,,,,,,95,8.49,,
1540,2022-06-04 16:00:00,+08:00,"Town west water plant, Huzhou (湖州市城西水厂)",745,30.864437,120.079708,25,25,65,2.1,5.5,28.5,2.8,83,28,,2.5
1541,2020-03-04 14:00:00,+08:00,"Donghu middle school, Shaoxing (绍兴市东湖中学)",746,29.993049,120.643444,107,107,36,2.6,11.9,32.5,5.5,62,11,,2.5
1542,,+08:00,"City EPA station, Shaoxing",747,30.004331,120.580238,-,,,,,,,87,9.15,,
1543,2022-06-04 16:00:00,+08:00,"Chengdong BDA committee, Shaoxing (绍兴市城东开发委)",748,29.989283,120.609511,38,38,20,2.6,3.2,30.9,3.7,83,28,,2.5
1544,2021-01-01 01:00:00,+08:00,"Paojiang station, Shaoxing (绍兴市袍江站)",749,30.078374,120.617462,153,153,106,4.6,27,2.1,8.2,79,-4,,0.5
1545,2022-06-04 16:00:00,+08:00,"Shaoxing technical school, Shaoxing (绍兴市绍兴中专)",750,29.933613,120.573047,17,17,16,1.6,6.9,,5.5,83,28,,2.5
1546,,+08:00,"Olympic Center, Shaoxing",751,30.063055,120.56944,-,,,,,,,87,9.15,,
1547,2021-12-20 10:00:00,+08:00,"Library, Shaoxing (绍兴市诸暨市图书馆)",752,29.708752,120.248752,142,142,61,5.1,21.1,,6.4,50,11,,1.5
1548,2022-06-04 15:00:00,+08:00,"Transporation management station, Shaoxing (绍兴市诸暨市运管所站)",753,29.728868,120.217123,70,70,29,2.1,4.6,44.7,6.4,83,28,,2.5
1549,2022-06-04 16:00:00,+08:00,"City Monitoring Station, Jinhua (金华市市监测站)",754,29.102917,119.685611,68,68,33,1.6,7.4,44.3,5.5,69.9,30,99.3,1
1550,2022-06-04 16:00:00,+08:00,"No.15 middle school, Jinhua (金华市十五中)",755,29.077,119.6474167,82,82,40,2.1,6.4,44.3,5.5,69.9,30,99.3,1
1551,,+08:00,"No.4 middle school, Jinhua (金华市四中)",756,29.11305556,119.6489444,-,,,,,,,90.1,5.7,99,1
1552,2018-09-14 16:00:00,+08:00,"Yiwu Beiyuan, Jinhua",757,29.33536389,120.0786111,68,68,28,2.1,6,,6.4,62,31.07,,
1553,2018-09-14 16:00:00,+08:00,"Yiwu Jiangdong, Jinhua",758,29.30496389,120.0905556,82,82,40,1.6,6.4,,4.6,62,31.07,,
1554,2022-06-04 16:00:00,+08:00,"EPA building, Quzhou (衢州市环保大楼)",759,28.94041667,118.8713056,38,38,19,3.1,3.2,19.9,5.5,85.8,28,99.3,3
1555,2022-06-04 16:00:00,+08:00,"Experimental school, Quzhou (衢州市实验学校)",760,28.964613,118.876145,42,42,17,3.6,7.4,20.4,3.7,85.8,28,99.3,3
1556,2022-06-04 16:00:00,+08:00,"Quzhou University, Quzhou (衢州市衢州学院)",761,28.97452778,118.85525,30,30,9,2.1,5.1,19.9,4.6,85.8,28,99.3,3
1557,2022-06-04 16:00:00,+08:00,"Línchéng new area, Zhoushan (舟山市临城新区)",762,29.99444444,122.1897222,30,30,13,1.1,4.6,24,4.6,74,30,,0.5
1558,2022-06-04 16:00:00,+08:00,"Putuo east port, Zhoushan (舟山市普陀东港)",763,29.95378,122.3135,34,34,10,1.6,8.3,10.2,2.8,74,30,,0.5
1559,2022-06-04 16:00:00,+08:00,"Dinghai tanfeng, Zhoushan (舟山市定海檀枫)",764,30.02027778,122.1222222,46,46,12,1.1,3.2,27.3,2.8,74,30,,0.5
1560,2022-06-04 16:00:00,+08:00,"Taizhou EPA building, Taizhou (台州市台州环保大楼)",765,28.654166,121.41888,68,68,31,1.6,5.5,50,5.5,100,23.8,99.1,9
1561,2022-06-04 16:00:00,+08:00,"Luqiao Tian Yang Wang, Taizhou (台州市路桥田洋王)",766,28.57736111,121.3767778,63,63,17,2.6,8.7,42.7,4.6,100,23.8,99.1,9
1562,2022-06-04 16:00:00,+08:00,"Huangyan EPA building, Taizhou (台州市黄岩环保大楼)",767,28.659261,121.280823,61,61,27,2.6,5.1,47.6,4.6,100,23.8,99.1,9
1563,2022-06-04 16:00:00,+08:00,"Yu Zhuang Qian, Lishui (丽水市余庄前)",768,28.42305556,119.8794444,25,25,12,2.6,5.5,22.8,3.7,69.9,30,99.3,1
1564,2022-06-04 16:00:00,+08:00,"Monitoring station building, Lishui (丽水市监测站大楼)",769,28.447794,119.9187,63,63,31,2.6,5.5,26,3.7,69.9,30,99.3,1
1565,2022-06-04 16:00:00,+08:00,"Liandu primary school, Lishui (丽水市莲都小学)",770,28.454307,119.934922,65,65,36,3.1,5.5,28.9,3.7,69.9,30,99.3,1
1566,2022-06-04 14:00:00,+08:00,"No.2 Middle School, Hangzhou (杭州市富阳市镇二中)",3787,30.0469,119.9518,55,55,31,2.6,6.4,34.6,3.7,83,28,,2.5
1567,2022-06-04 14:00:00,+08:00,"City Hall, Hangzhou (杭州市临安市市府大楼)",3788,30.23666667,119.7186111,34,34,18,4.1,2.3,28.5,6.4,83,28,,2.5
1568,2022-06-04 15:00:00,+08:00,"No. 4 middle school, Hangzhou (杭州市临安市第四中学)",3789,30.23194444,119.6947222,97,97,39,1.6,4.6,19.5,3.7,83,28,,2.5
1569,2020-03-04 14:00:00,+08:00,"Dongpu Town Governement, Shaoxing (绍兴市东浦镇政府)",3790,30.052161,120.535708,117,117,51,3.6,10.1,27.7,6.4,62,11,,2.5
1570,2022-06-04 15:00:00,+08:00,"Beiyuan, Jinhua (金华市义乌市北苑)",3791,29.33536389,120.0786111,57,57,24,2.1,3.7,41.5,3.7,72.1,30.4,99.1,2
1571,2022-06-04 15:00:00,+08:00,"Jiangdong, Jinhua (金华市义乌市江东)",3792,29.30496389,120.0905556,57,57,27,2.1,4.2,34.6,3.7,72.1,30.4,99.1,2
1572,2022-06-04 15:00:00,+08:00,"余杭镇一中, Hangzhou (杭州市余杭镇一中)",4751,30.260884,119.93989,30,25,20,2.6,3.7,29.7,5.5,83,28,,2.5
1573,2022-06-04 15:00:00,+08:00,"桐庐江北, Tónglú, Hangzhou (杭州市桐庐县桐庐江北)",4752,29.803966,119.671111,57,57,27,1.6,5.1,37.4,4.6,83,28,,2.5
1574,2022-06-04 15:00:00,+08:00,"桐庐江南, Tónglú, Hangzhou (杭州市桐庐县桐庐江南)",4753,29.796136,119.690568,68,68,29,4.1,7.8,33.8,3.7,83,28,,2.5
1575,2022-06-04 14:00:00,+08:00,"淳安环保大楼, Chúnān, Hangzhou (杭州市淳安县淳安环保大楼)",4754,29.596989783557397,119.05327495337295,25,25,18,2.6,1.9,15.1,7.3,84.8,27.6,0.3,1
1576,2022-06-04 15:00:00,+08:00,"第二中学, Jiàndé, Hangzhou (杭州市建德市第二中学)",4755,29.4612722,119.2876833,68,68,20,2.6,3.2,30.1,7.3,84.8,27.6,0.3,1
1577,2022-06-04 15:00:00,+08:00,"jiāncè lóu, Jiàndé, Hangzhou (杭州市建德市监测楼)",4756,29.4744417,119.2762472,61,61,26,4.6,3.2,20.4,9.1,84.8,27.6,0.3,1
1578,2022-06-04 15:00:00,+08:00,"北岙, Dòngtóu, Wenzhou (温州市洞头县北岙)",4757,27.831439,121.149367,65,65,22,3.6,7.8,13.9,3.7,80.8,27.8,99.2,1
1579,2022-06-04 15:00:00,+08:00,"瓯北, Yǒngjiā, Wenzhou (温州市永嘉县瓯北)",4758,28.0405556,120.6586111,80,80,30,1.6,6,65.6,7.3,80.8,27.8,99.2,1
1580,2022-06-04 15:00:00,+08:00,"上塘, Yǒngjiā, Wenzhou (温州市永嘉县上塘)",4759,28.1566667,120.6922222,36,17,28,1.6,4.6,36.2,7.3,80.8,27.8,99.2,1
1581,2022-06-04 15:00:00,+08:00,"平阳监测站, Píngyáng, Wenzhou (温州市平阳县平阳监测站)",4760,27.6596583,120.5701222,76,76,36,2.1,10.1,39.8,5.5,80.8,27.8,99.2,1
1582,2022-06-04 15:00:00,+08:00,"平阳县政府, Píngyáng, Wenzhou (温州市平阳县平阳县政府)",4761,27.66525,120.5615889,80,80,31,3.6,8.3,39.4,5.5,80.8,27.8,99.2,1
1583,2022-06-04 15:00:00,+08:00,"灵溪, Cāngnán, Wenzhou (温州市苍南县灵溪)",4762,27.50388889,120.395,89,89,28,3.6,7.8,44.3,4.6,75.1,30.1,99.1,3
1584,2022-06-04 15:00:00,+08:00,"龙港, Cāngnán, Wenzhou (温州市苍南县龙港)",4763,27.58194444,120.5488889,80,80,29,5.1,9.6,51.3,6.4,80.8,27.8,99.2,1
1585,2022-06-04 15:00:00,+08:00,"大峃, Wénchéng, Wenzhou (温州市文成县大峃)",4764,27.781647,120.093,42,42,14,2.1,3.2,23.6,5.5,75.1,30.1,99.1,3
1586,2022-06-04 15:00:00,+08:00,"罗阳, Tàishùn, Wenzhou (温州市泰顺县罗阳)",4765,27.55666667,119.7219444,38,38,27,2.1,3.2,20.4,3.7,75.1,30.1,99.1,3
1587,2022-06-04 15:00:00,+08:00,"花园桥, Ruìān, Wenzhou (温州市瑞安市花园桥)",4766,27.78836,120.627334,59,59,25,3.1,11.5,30.9,6.4,80.8,27.8,99.2,1
1588,2022-06-04 15:00:00,+08:00,"安阳新区, Ruìān, Wenzhou (温州市瑞安市安阳新区)",4767,27.777373,120.655307,72,72,25,2.6,10.1,26.9,6.4,80.8,27.8,99.2,1
1589,2022-06-04 15:00:00,+08:00,"乐成, Yuèqīng, Wenzhou (温州市乐清市乐成)",4768,28.1209361,120.9658639,82,82,30,3.1,10.1,39,7.3,80.8,27.8,99.2,1
1590,2022-06-04 15:00:00,+08:00,"柳市, Yuèqīng, Wenzhou (温州市乐清市柳市)",4769,28.0297222,120.8911111,72,72,31,3.6,6,34.2,6.4,80.8,27.8,99.2,1
1591,2022-06-04 15:00:00,+08:00,"气象观测台, Jiāshàn, Jiaxing (嘉兴市嘉善县气象观测台)",4770,30.828974,120.944731,78,78,36,3.6,5.5,68.8,6.4,70,30,,2.5
1592,2022-06-04 15:00:00,+08:00,"jiāncè dàlóu, Jiāshàn, Jiaxing (嘉兴市嘉善县监测大楼)",4771,30.833497,120.927426,68,68,32,3.6,4.6,55.8,6.4,70,30,,2.5
1593,2022-06-04 15:00:00,+08:00,"海盐环保大楼, Hǎiyán, Jiaxing (嘉兴市海盐县海盐环保大楼)",4772,30.524067,120.945469,51,38,16,2.1,6.4,51.3,5.5,83,28,,2.5
1594,2022-06-04 14:00:00,+08:00,"海盐南北湖, Hǎiyán, Jiaxing (嘉兴市海盐县海盐南北湖)",4773,30.378554,120.857334,50,34,50,3.6,2.8,45.9,5.5,83,28,,2.5
1595,2022-06-04 15:00:00,+08:00,"Gaoji Middle school, Hǎiyán, Jiaxing (嘉兴市海盐县高级中学)",4774,30.501657,120.945539,52,30,14,2.1,5.1,51.9,2.8,83,28,,2.5
1596,2022-06-04 15:00:00,+08:00,"硖石街道, Hǎiníng, Jiaxing (嘉兴市海宁市硖石街道)",4775,30.511474,120.713139,53,53,21,2.6,3.7,43.9,6.4,83,28,,2.5
1597,2022-06-04 13:00:00,+08:00,"海宁监测大楼, Hǎiníng, Jiaxing (嘉兴市海宁市海宁监测大楼)",4776,30.523822,120.678291,70,70,32,1.6,1,57.1,3.7,66,32,,2.5
1598,2022-06-04 15:00:00,+08:00,"Donghu, Pínghú, Jiaxing (嘉兴市平湖市东湖)",4777,30.69216111,121.0185444,50,50,18,3.6,6,48.4,4.6,70,30,,2.5
1599,2022-06-04 15:00:00,+08:00,"陆家桥村, Pínghú, Jiaxing (嘉兴市平湖市陆家桥村)",4778,30.72888889,120.9952778,74,74,26,4.6,6,51.3,4.6,70,30,,2.5
1600,2022-06-04 15:00:00,+08:00,"振东新六中站, Tóngxiāng, Jiaxing (嘉兴市桐乡市振东新六中站)",4779,30.62255,120.56572,61,61,27,2.1,4.6,51.3,5.5,83,28,,2.5
1601,2020-09-15 08:00:00,+08:00,"果园桥水厂, Tóngxiāng, Jiaxing (嘉兴市桐乡市果园桥水厂)",4780,30.65065,120.54114,65,65,22,3.1,14.2,15.9,7.3,94,23,,0.5
1602,2022-06-04 15:00:00,+08:00,"丰庆站, Déqīng, Huzhou (湖州市德清县丰庆站)",4781,30.54833333,119.9880556,38,38,13,2.1,4.2,26.4,5.5,83,28,,2.5
1603,2022-06-04 15:00:00,+08:00,"永安站, Déqīng, Huzhou (湖州市德清县永安站)",4782,30.53638889,119.9733333,50,50,12,2.1,4.2,28.5,3.7,83,28,,2.5
1604,2022-06-04 15:00:00,+08:00,"Vocational Education Center , Zhǎngxìng, Huzhou (湖州市长兴县职教中心)",4783,31.014444,119.898056,74,74,30,2.6,5.1,51.9,3.7,81.8,28.3,99.5,2
1605,2022-06-04 15:00:00,+08:00,"龙山新区, Zhǎngxìng, Huzhou (湖州市长兴县龙山新区)",4784,31.0208333,119.908333,70,70,30,3.1,1.9,50,3.7,81.8,28.3,99.5,2
1606,2022-06-04 15:00:00,+08:00,"安吉城东, Ānjí, Huzhou (湖州市安吉县安吉城东)",4785,30.59805556,119.6952778,63,63,23,1.6,1,26.4,4.6,83,28,,2.5
1607,2022-06-04 15:00:00,+08:00,"安吉科技馆, Ānjí, Huzhou (湖州市安吉县安吉科技馆)",4786,30.638229125340846,119.6737765976339,63,63,27,1.6,5.1,32.9,5.5,83,28,,2.5
1608,2022-06-04 14:00:00,+08:00,"Xian county, Kēqiáoqū, Shaoxing (绍兴市柯桥区县政府)",4787,30.08245,120.49313,38,38,13,2.1,5.5,30.1,5.5,83,28,,2.5
1609,,+08:00,"柯岩, Kēqiáoqū, Shaoxing (绍兴市柯桥区柯岩)",4788,30.04769,120.47196,-,,,,,,,53.5,11.5,,2
1610,2022-06-04 15:00:00,+08:00,"城东站, Xīnchāng, Shaoxing (绍兴市新昌县城东站)",4789,29.49055,120.91483,28,25,12,2.6,2.3,27.7,4.6,74,30,,0.5
1611,2022-06-04 15:00:00,+08:00,"钟楼站, Xīnchāng, Shaoxing (绍兴市新昌县钟楼站)",4790,29.50078,120.89768,30,30,10,1.6,1.4,26.4,2.8,74,30,,0.5
1612,2021-01-20 17:00:00,+08:00,"上虞市环保局, Shàngyúqū, Shaoxing (绍兴市上虞区上虞市环保局)",4791,30.02184,120.87318,132,132,60,3.1,17.9,21.6,7.3,67,16,,2.5
1613,,+08:00,"上虞市盖北站, Shàngyúqū, Shaoxing (绍兴市上虞区上虞市盖北站)",4792,30.13277,120.8917,-,,,,,,,53.5,11.5,,2
1614,2021-12-30 16:00:00,+08:00,"嵊州市环保大楼, Shèngzhōu, Shaoxing (绍兴市嵊州市嵊州市环保大楼)",4793,29.59861111,120.8222222,132,132,62,6.1,25.6,20.4,7.3,26,8,,2.5
1615,2022-06-04 15:00:00,+08:00,"嵊州市丽湖小区, Shèngzhōu, Shaoxing (绍兴市嵊州市嵊州市丽湖小区)",4794,29.56611111,120.8172222,42,42,16,1.6,4.2,31.7,4.6,74,30,,0.5
1616,2022-06-04 15:00:00,+08:00,"县政府大楼, Wǔyì, Jinhua (金华市武义县县政府大楼)",4795,28.88916667,119.8122222,46,46,19,2.6,4.6,35.4,5.5,69.9,30,99.3,1
1617,2022-06-04 15:00:00,+08:00,"武义县环保大楼, Wǔyì, Jinhua (金华市武义县武义县环保大楼)",4796,28.90777778,119.8147222,27,21,17,2.1,5.5,27.3,5.5,69.9,30,99.3,1
1618,2022-06-04 15:00:00,+08:00,"浦江中学, Pǔjiāng, Jinhua (金华市浦江县浦江中学)",4797,29.436832,119.928646,72,72,30,1.6,2.3,31.7,3.7,83,28,,2.5
1619,2022-06-04 15:00:00,+08:00,"浦江县实验中学, Pǔjiāng, Jinhua (金华市浦江县浦江县实验中学)",4798,29.46314,119.883585,50,50,28,1.6,1,27.3,3.7,83,28,,2.5
1620,,+08:00,"磐安县环保大楼, PánānXian, Jinhua (金华市磐安县磐安县环保大楼)",4799,29.0608333,120.4383333,-,,,,,,,95.2,4.5,99,1
1621,2022-06-04 15:00:00,+08:00,"兰溪市监测站, Lánxī, Jinhua (金华市兰溪市兰溪市监测站)",4800,29.212485,119.466263,85,85,29,4.1,5.1,40.3,6.4,84.8,27.6,0.3,1
1622,2022-06-04 15:00:00,+08:00,"兰溪八中, Lánxī, Jinhua (金华市兰溪市兰溪八中)",4801,29.226718,119.485661,80,80,34,1.6,5.1,42.3,5.5,84.8,27.6,0.3,1
1623,2022-06-04 15:00:00,+08:00,"广厦学院, Dōngyáng, Jinhua (金华市东阳市广厦学院)",4802,29.298189,120.246079,42,42,20,1.6,3.2,28.1,5.5,72.1,30.4,99.1,2
1624,2018-09-14 15:00:00,+08:00,"东阳市环保大楼, Dōngyáng, Jinhua",4803,29.274666,120.241354,80,80,30,1.6,2.8,72.1,4.6,62,31.07,,
1625,2022-06-04 15:00:00,+08:00,"永康市监测站, Yǒngkāng, Jinhua (金华市永康市永康市监测站)",4804,28.8911,120.0317,25,25,14,2.6,2.8,20.8,4.6,69.9,30,99.3,1
1626,2022-06-04 15:00:00,+08:00,"永康市气象局, Yǒngkāng, Jinhua (金华市永康市永康市气象局)",4805,28.9028,120.0212,34,34,19,2.1,3.7,22,4.6,69.9,30,99.3,1
1627,2022-06-04 15:00:00,+08:00,"图书馆大楼, Chángshān, Quzhou (衢州市常山县图书馆大楼)",4806,28.898055555556,118.51111111111,46,46,18,2.1,9.6,26.9,6.4,85.8,28,99.3,3
1628,2022-06-04 15:00:00,+08:00,"常山环保大楼, Chángshān, Quzhou (衢州市常山县常山环保大楼)",4807,28.89583333,118.5222222,38,38,19,1.6,8.3,23.6,8.2,85.8,28,99.3,3
1629,2022-06-04 15:00:00,+08:00,"Bureau of Meteorology, Kāihuà, Quzhou (衢州市开化县气象局)",4808,29.1341667,118.4047222,68,68,30,1.6,1.9,17.5,4.6,85.8,28,99.3,3
1630,2022-06-04 15:00:00,+08:00,"钱江源, Kāihuà, Quzhou (衢州市开化县钱江源)",4809,29.4294444,118.3125,27,21,27,3.1,1,12.6,6.4,84.8,27.6,0.3,1
1631,2022-06-04 15:00:00,+08:00,"龙游工业园区, Lóngyóu, Quzhou (衢州市龙游县龙游工业园区)",4810,29.081875,119.212094,70,70,33,3.1,2.8,32.5,7.3,85.8,28,99.3,3
1632,,+08:00,"龙游建设大楼, Lóngyóu, Quzhou (衢州市龙游县龙游建设大楼)",4811,29.036306,119.172467,-,,,,,,,90.1,5.7,99,1
1633,2022-06-04 15:00:00,+08:00,"江山环保大楼, Jiāngshān, Quzhou (衢州市江山市江山环保大楼)",4812,28.74343,118.635,72,72,30,4.1,5.1,28.9,8.2,85.8,28,99.3,3
1634,2022-06-04 15:00:00,+08:00,"人民医院, Jiāngshān, Quzhou (衢州市江山市人民医院)",4813,28.72728,118.6275,70,70,24,4.1,10.1,35,5.5,85.8,28,99.3,3
1635,2022-06-04 15:00:00,+08:00,"舟山普陀山, Zhoushan (舟山市舟山普陀山)",4814,29.98166667,122.3738889,34,34,11,2.1,5.5,7.8,3.7,74,30,,0.5
1636,2022-06-04 15:00:00,+08:00,"岱山环保大楼, Dàishān, Zhoushan (舟山市岱山县岱山环保大楼)",4815,30.2669444,122.2202778,21,21,7,3.1,7.8,9.8,3.7,74,30,,0.5
1637,2022-06-04 15:00:00,+08:00,"嵊泗菜园, Shèngsì, Zhoushan (舟山市嵊泗县嵊泗菜园)",4816,30.7266667,122.4458333,25,25,8,2.6,3.7,12.6,2.8,83,27,,4.1
1638,2022-06-04 15:00:00,+08:00,"金清, Taizhou (台州市金清)",4817,28.560033,121.395356,46,46,19,3.1,1.4,33.3,3.7,100,23.8,99.1,9
1639,2022-06-04 15:00:00,+08:00,"楚门中心小学, Yùhuán, Taizhou (台州市玉环县楚门中心小学)",4818,28.219019792815,121.289126873016,59,59,18,2.1,6,29.3,9.1,100,23.8,99.1,9
1640,2022-06-04 15:00:00,+08:00,"玉环环监站, Yùhuán, Taizhou (台州市玉环县玉环环监站)",4819,28.12389122152,121.238017380238,59,59,20,3.6,4.2,31.7,5.5,80.8,27.8,99.2,1
1641,2022-06-04 15:00:00,+08:00,"三门环监站, Sānmén, Taizhou (台州市三门县三门环监站)",4820,29.116775,121.375923,18,17,6,1.6,1.4,17.9,4.6,74,30,,0.5
1642,2018-09-14 15:00:00,+08:00,"Experimental Middle  School, Tiāntái, Taizhou",4821,29.16055556,121.0619444,68,68,22,6.6,5.1,38.2,5.5,79,27.97,,
1643,2018-09-14 15:00:00,+08:00,"天台县环保大楼, Tiāntái, Taizhou",4822,29.14833333,121.0052778,68,68,25,1.6,1.4,42.7,4.6,79,27.97,,
1644,2022-06-04 15:00:00,+08:00,"新生中学, Xianjū, Taizhou (台州市仙居县新生中学)",4823,28.737334,120.477356,50,50,15,3.1,1,16.3,6.4,69.9,30,99.3,1
1645,2022-06-04 15:00:00,+08:00,"仙居县环监站, Xianjū, Taizhou (台州市仙居县仙居县环监站)",4824,28.855767,120.728872,57,57,19,3.1,2.3,27.3,1.9,72.1,30.4,99.1,2
1646,2022-06-04 15:00:00,+08:00,"温岭环监站, Wēnlǐng, Taizhou (台州市温岭市温岭环监站)",4825,28.37555556,121.3655556,30,30,10,2.1,4.2,22,5.5,100,23.8,99.1,9
1647,2022-06-04 15:00:00,+08:00,"锦园小学, Wēnlǐng, Taizhou (台州市温岭市锦园小学)",4826,28.36722222,121.3872222,38,38,16,2.1,3.7,24,4.6,100,23.8,99.1,9
1648,2022-06-04 15:00:00,+08:00,"巾山实验小学, Línhǎi, Taizhou (台州市临海市巾山实验小学)",4827,28.840238,121.1140945,57,57,17,2.1,1,34.2,6.4,100,23.8,99.1,9
1649,2022-06-04 15:00:00,+08:00,"临海环保大楼, Línhǎi, Taizhou (台州市临海市临海环保大楼)",4828,28.870984,121.181596,46,46,21,1.6,1.9,37,2.8,100,23.8,99.1,9
1650,,+08:00,"建设大楼, Qīngtián, Lishui (丽水市青田县建设大楼)",4829,28.136388888888888,120.28833333333333,-,,,,,,,93.8,3.4,99,1
1651,2022-06-04 15:00:00,+08:00,"青田二中, Qīngtián, Lishui (丽水市青田县青田二中)",4830,28.14527778,120.2836111,31,21,8,2.1,6.9,31.3,4.6,69.9,30,99.3,1
1652,2022-06-04 04:00:00,+08:00,"信访大楼, Jìnyún, Lishui (丽水市缙云县信访大楼)",4831,28.66277778,120.0855556,53,53,10,2.1,8.3,3.7,5.5,98.2,23.5,1.1,2
1653,,+08:00,"卫生大楼, Jìnyún, Lishui (丽水市缙云县卫生大楼)",4832,28.65166667,120.065,-,,,,,,,93.8,3.4,99,1
1654,2022-06-04 15:00:00,+08:00,"遂昌监测楼, Suìchāng, Lishui (丽水市遂昌县遂昌监测楼)",4833,28.593203,119.272551,20,17,9,2.1,2.3,19.5,4.6,85.8,28,99.3,3
1655,2022-06-04 15:00:00,+08:00,"松阳监测楼, Sōngyáng, Lishui (丽水市松阳县松阳监测楼)",4834,28.45055556,119.4741667,20,17,10,1.6,1.9,19.5,4.6,69.9,30,99.3,1
1656,2022-06-04 15:00:00,+08:00,"和平水厂, Sōngyáng, Lishui (丽水市松阳县和平水厂)",4835,28.45138889,119.4797222,25,25,12,3.6,2.3,18.3,1.9,69.9,30,99.3,1
1657,2022-06-04 15:00:00,+08:00,"云和县环保楼顶, Yúnhé, Lishui (丽水市云和县云和县环保楼顶)",4836,28.1172222,119.5633333,85,85,42,1.6,5.1,36.2,4.6,69.9,30,99.3,1
1658,2022-06-04 15:00:00,+08:00,"庆元监测楼, Qìngyuán, Lishui (丽水市庆元县庆元监测楼)",4837,27.626343,119.059472,57,57,17,1.6,1.9,10.6,5.5,74.8,28.5,99.7,3
1659,2020-03-03 13:00:00,+08:00,"景宁监测楼, Jingningxian (景宁县市景宁监测楼)",4838,27.98,119.6294444,42,42,16,1.6,3.2,21.6,5.5,69,11.7,99.1,1
1660,2021-01-20 17:00:00,+08:00,"移办大楼, Lóngquán, Lishui (丽水市龙泉市移办大楼)",4839,28.080022,119.1328,93,93,38,3.1,6.4,31.7,2.8,48.1,18.6,0.2,1
1661,2022-06-04 15:00:00,+08:00,"粮食大楼, Lóngquán, Lishui (丽水市龙泉市粮食大楼)",4840,28.073028,119.126791,21,21,11,2.6,1.4,17.1,3.7,74.8,28.5,99.7,3
1662,2022-06-04 15:00:00,+08:00,"南星桥, Hangzhou (杭州市南星桥)",4841,30.209383,120.166298,38,38,19,2.6,6.9,37.4,5.5,83,28,,2.5
1663,2022-06-04 15:00:00,+08:00,"Longquan Environmental Building, Lóngquán, Lishui (丽水市龙泉市龙泉环保大楼)",5188,28.080022,119.1328,34,34,10,2.1,1,15.1,1.9,74.8,28.5,99.7,3
1664,2022-06-04 16:00:00,+08:00,"Wuqing District, Huzhou (湖州市吴兴区站)",9075,30.859583,120.184361,25,25,8,2.1,1.4,50.6,3.7,83,28,,2.5
1665,2022-06-04 16:00:00,+08:00,"Shù xià wáng, Shaoxing (绍兴市树下王)",9076,30.00027777777778,120.54833333333333,53,53,19,2.1,4.2,29.3,5.5,83,28,,2.5
1666,2022-06-04 15:00:00,+08:00,"yángshùfàn, Shaoxing (绍兴市诸暨市杨树畈)",9077,29.692169444444446,120.23697222222222,85,85,34,3.1,3.7,42.3,6.4,83,28,,2.5
1667,2021-01-02 14:00:00,+08:00,"EPA building, Lishui (丽水市环保大楼)",9078,28.080022,119.1328,53,53,25,2.1,4.6,33.8,4.6,20,12.1,99.6,1
1668,2022-06-04 15:00:00,+08:00,"Wuzhen, Jiaxing (嘉兴市乌镇)",9314,30.753846,120.470075,104,104,43,2.6,4.6,69.5,5.5,83,28,,2.5
1669,2021-01-01 08:00:00,+08:00,"Police Station, Jinhua (金华市武警支队站)",9315,29.11277777777778,119.65333333333334,-,91,37,4.6,16,2.9,7.3,83.3,0.4,99.1,2
1670,2022-06-04 15:00:00,+08:00,"Tashan Primary School, Lishui (丽水市塔山小学)",9316,28.136388888888888,120.28833333333333,42,42,30,2.1,3.7,35.8,5.5,69.9,30,99.3,1
1671,2022-06-04 15:00:00,+08:00,"缙云中学, Lishui (丽水市缙云中学)",9839,28.659733,120.0813,29,25,13,2.6,3.2,28.9,3.7,69.9,30,99.3,1
1672,2022-06-04 15:00:00,+08:00,"城南站, Shaoxing (绍兴市城南站)",9840,29.99,120.89222222222222,50,50,,,,38.6,,83,28,,2.5
1673,2022-06-04 15:00:00,+08:00,"Hutang Middle School, Shaoxing (绍兴市湖塘中学)",10440,30.0525,120.4372,55,55,20,2.1,1,24,2.8,83,28,,2.5
1674,2022-06-04 15:00:00,+08:00,"Chun'an County National Tax Building, Jinhua (金华市磐安县国税大楼)",10441,29.05136,120.43805,38,38,15,2.6,4.2,25.6,2.8,72.1,30.4,99.1,2
1675,2022-06-04 16:00:00,+08:00,Hangzhou (杭州),1439,30.274085,120.15507,42,42,23,4.6,10.6,44.7,6.4,83,28,,2.5
1676,2022-06-04 16:00:00,+08:00,Wenzhou (温州),1441,27.994267,120.699367,95,95,44,3.1,12.4,48.4,5.5,80.8,27.8,99.2,1
1677,2022-06-04 16:00:00,+08:00,Shaoxing (绍兴),1442,29.995762,120.586109,38,38,20,2.6,6.9,33.3,5.5,83,28,,2.5
1678,2022-06-04 16:00:00,+08:00,Huzhou (湖州),1443,30.894348,120.086823,25,25,65,2.1,5.5,56.5,2.8,68,30.5,,3
1679,2022-06-04 16:00:00,+08:00,Jiaxing (嘉兴市),1444,30.753924,120.758543,80,80,30,3.1,8.3,79.3,5.5,68,30.5,,3
1680,1970-01-01 00:00:00,+0800,Zhoushan,1445,,,-,,,,,,,,,,
1681,2022-06-04 16:00:00,+08:00,Jinhua (金华),1446,29.079059,119.647445,82,82,40,2.1,6.4,40.7,5.5,69.9,30,99.3,1
1682,2022-06-04 16:00:00,+08:00,Quzhou (衢州),1447,28.97008,118.859457,30,30,9,2.1,5.1,25.2,4.6,85.8,28,99.3,3
1683,2022-06-04 16:00:00,+08:00,Lishui (丽水),1448,28.46763,119.922796,63,63,31,2.6,5.5,21.2,3.7,69.9,30,99.3,1
1684,2022-06-04 15:00:00,+08:00,Fuyang (富阳),4449,30.048735,119.960109,50,50,30,2.6,6.4,24.4,4.6,83,28,,2.5
1685,2022-06-04 15:00:00,+08:00,Linan (临安),4450,30.274085,120.15507,97,97,18,4.1,4.6,19.5,6.4,83,28,,2.5
1686,2022-06-04 15:00:00,+08:00,Yiwu (义乌),4451,29.306841,120.075058,57,57,27,2.1,4.2,41.5,3.7,72.1,30.4,99.1,2
1687,2022-06-04 15:00:00,+08:00,Zhuji (诸暨),4452,29.713667,120.236304,70,70,29,2.1,4.6,44.7,6.4,83,28,,2.5
1688,1970-01-01 00:00:00,+0800,Jingningxian,5197,,,-,,,,,,,,,,
1689,2022-06-04 16:00:00,+08:00,"City Monitoring Station, Fuyang (阜阳市监测站)",7119,32.8928,115.8275,55,55,25,4.1,3.7,39.8,5.5,72.8,29.9,2,1
1690,2015-06-18 11:00:00,+0800,"City committee communist party school, Fuyang",7120,,,-,46,39,2.6,9.2,19,8.3,83,22,,3.1
1691,2022-06-04 16:00:00,+08:00,"BDA, Fuyang (阜阳开发区)",7121,32.8603,115.8556,53,53,40,2.6,7.4,28.5,4.6,72.8,29.9,2,1
1692,2022-06-04 17:00:00,+08:00," Cǎochǎng mén, Nanjing (南京草场门)",826,32.057222,118.748611,38,38,18,2.1,4.2,31.7,2.4,79,29,,2.5
1693,2022-06-04 17:00:00,+08:00," Zhōnghuá mén, Nanjing (南京中华门)",828,32.014444,118.776944,30,30,16,2.1,1,26.9,4.4,79,29,,2.5
1694,2022-06-04 17:00:00,+08:00,"Xianlin University Town , Nanjing (南京仙林大学城)",833,32.105,118.906944,50,50,25,2.6,0.5,29.7,6.2,79,29,,2.5
1695,2022-06-04 16:00:00,+08:00," Wàngzhuāng, Wuxi (无锡旺庄)",867,31.547389,120.353889,76,76,42,3.1,4.6,45.5,3.7,81.8,28.3,99.5,2
1696,2022-06-04 16:00:00,+08:00,"Yellow river new village , Xuzhou (徐州黄河新村)",851,34.276111,117.166944,97,97,67,2.1,5.1,51.9,5.5,63,29.9,,3
1697,2022-06-04 16:00:00,+08:00,Changzhou (常州),870,31.758333,119.995278,50,50,29,3.1,4.6,,3.7,81.8,28.3,99.5,2
1698,2021-01-01 01:00:00,+08:00," Nánmén, Suzhou (苏州南门)",835,31.302778,120.617778,91,91,41,4.1,20.2,21.6,4.6,58,-2,,2.5
1699,2022-06-04 16:00:00,+08:00," Cǎixiāng, Suzhou (苏州彩香)",836,31.301944,120.590833,53,42,25,2.6,2.3,52.6,4.6,70,30,,2.5
1700,2022-06-04 16:00:00,+08:00," Zhágāng chǎng, Suzhou (苏州轧钢厂)",837,31.301389,120.596667,48,38,13,3.1,2.3,48,4.6,70,30,,2.5
1701,2022-06-04 16:00:00,+08:00," Hóngqiáo, Nantong (南通虹桥)",843,32.006667,120.8425,80,80,30,3.6,6.4,69.5,4.6,91.9,24.4,99,5
1702,,+0800,Lianyungang,847,,,-,,,,,,,92,19.02,0,1.31
1703,2022-06-04 16:00:00,+08:00,Huai'an (淮安),886,33.607222,118.999444,93,93,62,4.6,10.1,,9.1,84.1,25.8,99.2,2
1704,2022-06-04 16:00:00,+08:00,Yancheng (盐城),890,33.393889,120.155,46,46,38,3.1,5.1,,4.6,98.2,23.9,,3
1705,,+08:00,Yangzhou (扬州),859,32.41,119.404444,-,,,,,,,50,12,,2.5
1706,,+0800,Zhenjiang,876,,,-,,,,,,,86,22.12,0,2.96
1707,2022-06-04 16:00:00,+08:00," Liánhuā, Taizhoushi (泰州莲花)",881,32.476111,119.944444,65,65,50,2.1,5.1,44.7,6.4,73,28,,3
1708,,+08:00,Suqian (宿迁),893,33.96,118.265833,-,,,,,,,97.8,-0.3,,1
1709,2022-06-04 17:00:00,+08:00,"Ruijin Road , Nanjing (南京瑞金路)",829,32.031389,118.803056,30,30,19,2.6,2.3,28.1,1.4,79,29,,2.5
1710,2022-06-04 16:00:00,+08:00,"Xuanwu Lake, Nanjing (南京玄武湖)",830,32.0775,118.794722,36,9,19,2.1,0.5,36.2,5.5,79,29,,2.5
1711,2022-06-04 17:00:00,+08:00,"Shanxi Road , Nanjing (南京山西路)",827,32.07,118.773611,50,50,11,2.1,1.4,31.7,2.2,79,29,,2.5
1712,2022-06-04 16:00:00,+08:00,"Mài gāo qiáo, Nanjing (南京迈皋桥)",825,32.108333,118.803056,35,50,27,2.1,7.4,34.6,3.2,79,29,,2.5
1713,2022-06-04 17:00:00,+08:00,"Olympic Center, Nanjing (南京奥体中心)",832,32.009167,118.736667,55,55,16,1.1,6,28.1,7.6,79,29,,2.5
1714,2022-06-04 17:00:00,+08:00," Pǔkǒu, Nanjing (南京浦口)",831,32.087778,118.625556,46,46,22,2.1,6,39.8,5.3,79,29,,2.5
1715,2022-06-04 16:00:00,+08:00," Dōngtíng, Wuxi (无锡东亭)",866,31.584778,120.353889,51,50,20,3.1,2.8,51.3,6.4,81.8,28.3,99.5,2
1716,2016-03-17 09:00:00,+0800,"Yuhong Elementary School , Wuxi",868,120.24475,31.563083,-,129,62,8.2,30.7,16,14.5,72,19.34,,
1717,2016-03-17 09:00:00,+0800,"University Town , Wuxi",862,31.486667,120.268917,-,134,55,11.2,22.4,16,16.3,72,19.34,,
1718,2022-06-04 16:00:00,+08:00," Qītáng, Wuxi (无锡漆塘)",865,31.503056,120.241667,55,55,13,2.1,1.9,53.2,4.6,81.8,28.3,99.5,2
1719,2022-06-04 16:00:00,+08:00," Yànqiáo, Wuxi (无锡堰桥)",869,31.684167,120.288056,65,65,27,2.6,2.8,48.8,6.4,81.8,28.3,99.5,2
1720,2016-03-17 09:00:00,+0800,"Shibei High School , Wuxi",863,31.621944,120.275,-,147,62,7.6,30.2,13,9.1,71,18.49,,
1721,2022-06-04 16:00:00,+08:00,"Taoyuan road, Xuzhou (徐州桃园路)",855,34.291111,117.244444,97,97,60,2.6,4.6,57.1,4.6,63,29.9,,3
1722,,+08:00,"Tongshan EPA, Xuzhou (徐州铜山区环保局)",857,34.180556,117.166111,-,,,,,,,100,-0.1,99.5,2
1723,2022-06-04 16:00:00,+08:00," Huáitǎ, Xuzhou (徐州淮塔)",852,34.241667,117.192222,102,102,58,5.1,4.6,46.8,5.5,63,29.9,,3
1724,2022-06-04 16:00:00,+08:00,"Agricultural Science Academy , Xuzhou (徐州农科院)",856,34.277778,117.293333,61,61,52,2.6,9.2,48,5.5,63,29.9,,3
1725,2022-06-04 16:00:00,+08:00,"New Town , Xuzhou (徐州新城区)",854,34.222222,117.256389,95,95,68,3.1,4.6,47.6,5.5,63,29.9,,3
1726,,+08:00,"Tongshan Veterinary Hospital , Xuzhou (徐州铜山兽医院)",853,34.308333,117.191667,-,,,,,,,100,-0.1,99.5,2
1727,2022-06-04 15:00:00,+08:00,"City Monitoring Station, Changzhou (常州市监测站)",903,31.758333,119.995278,50,50,23,3.1,4.2,41.9,3.7,81.8,28.3,99.5,2
1728,,+08:00,"Changzhou Engineering Institute , Changzhou (常州常工院)",872,31.808889,119.961944,-,,,,,,,97.9,4.8,99.2,1
1729,,+08:00,"Chengjian School, Changzhou (常州城建学校)",871,31.786389,119.8925,-,,,,,,,97.9,4.8,99.2,1
1730,,+08:00," Lùchéng, Changzhou (常州潞城)",873,31.763889,120.039444,-,,,,,,,97.9,4.8,99.2,1
1731,2022-06-04 16:00:00,+08:00,"Wujin Monitoring Station, Changzhou (常州武进监测站)",874,31.703889,119.935,82,82,27,4.1,1,59.7,6.4,81.8,28.3,99.5,2
1732,2022-06-04 16:00:00,+08:00," Ānjiā, Changzhou (常州安家)",875,31.910833,119.904722,59,59,18,1.6,3.2,43.1,6.4,74,29,,1.5
1733,2022-06-04 16:00:00,+08:00,"Shangfang hill , Suzhou (苏州上方山)",834,31.247222,120.561389,59,59,30,2.6,3.7,47.6,6.4,70,30,,2.5
1734,2022-06-04 16:00:00,+08:00,"Xiangcheng district, Suzhou (苏州相城区)",841,31.370833,120.640556,87,87,30,2.6,4.6,61,5.5,70,30,,2.5
1735,2022-06-04 16:00:00,+08:00,"Wuzhong District , Suzhou (苏州吴中区)",838,31.270556,120.613056,74,61,28,4.1,4.6,74,3.7,70,30,,2.5
1736,2022-06-04 16:00:00,+08:00,"Suzhou New District , Suzhou (苏州苏州新区)",839,31.299444,120.550278,59,59,15,2.6,4.2,51.9,7.3,70,30,,2.5
1737,2022-06-04 16:00:00,+08:00,"Suzhou Industrial Area, Suzhou (苏州苏州工业园区)",840,31.312111,120.66525,70,68,57,2.6,3.2,70.1,4.6,70,30,,2.5
1738,2022-06-04 16:00:00,+08:00," Chéngzhōng, Nantong (南通城中)",844,32.023611,120.863333,72,72,31,4.6,4.2,56.5,5.5,91.9,24.4,99,5
1739,2022-06-04 16:00:00,+08:00,"Xinghu park, Nantong (南通星湖花园)",845,31.928333,120.935833,62,61,29,3.6,7.4,61.7,7.3,70,30,,2.5
1740,2021-01-01 01:00:00,+08:00,"South suburb , Nantong (南通南郊)",842,31.968056,120.905,109,109,51,5.1,11.5,26.4,4.6,58,-2,,2.5
1741,2022-06-04 16:00:00,+08:00,"Zilang school, Nantong (南通紫琅学院)",846,32.0425,120.810833,64,61,29,4.1,6.9,64.3,6.4,91.9,24.4,99,5
1742,2022-06-04 16:00:00,+08:00,"City Monitoring Station, Lianyungang (连云港市监测站)",902,34.588556,119.175956,91,91,57,0.6,5.1,27.3,2.8,82.9,24.8,,4
1743,,+08:00,"Hengrui pharmaceutical company, BDA, Lianyungang (连云港开发区恒瑞医药公司)",850,34.698428,119.348028,-,,,,,,,91.1,1.7,99.1,3
1744,,+08:00,"Xugou Nuclear Expert Village , Lianyungang (连云港墟沟核电专家村)",849,34.75075,119.368128,-,,,,,,,91.1,1.7,99.1,3
1745,,+08:00,"Hongmen police substation, Lianyungang (连云港洪门派出所)",848,34.589556,119.141414,-,,,,,,,91.1,1.7,99.1,3
1746,2022-06-04 16:00:00,+08:00,"Bochi montain, Huai'an (淮安钵池山)",884,33.599194,119.056789,91,91,33,2.6,7.4,23.2,6.4,84.1,25.8,99.2,2
1747,2022-06-04 16:00:00,+08:00,"City Monitoring Station, Huai'an (淮安市监测站)",899,33.607222,118.999444,93,93,62,4.6,10.1,21.2,9.1,84.1,25.8,99.2,2
1748,2022-06-04 16:00:00,+08:00,"Beijing South , Huai'an (淮安北京南路)",885,33.578039,119.007906,93,93,38,4.1,7.4,26.9,6.4,84.1,25.8,99.2,2
1749,2022-06-04 16:00:00,+08:00,"Chuzhou Monitoring Station, Huai'an (淮安楚州区监测站)",887,33.503056,119.141111,114,114,53,3.6,6.4,24.4,5.5,84.1,25.8,99.2,2
1750,2022-06-04 16:00:00,+08:00,"Huaiyin Monitoring Station, Huai'an (淮安淮阴区监测站)",888,33.626944,119.012222,109,109,52,3.6,8.3,22,8.2,84.1,25.8,99.2,2
1751,2022-06-04 16:00:00,+08:00,"City Monitoring Station, Yancheng (盐城市监测站)",898,33.393889,120.155,46,46,38,3.1,5.1,27.3,1.9,98.2,23.9,,3
1752,2022-06-04 16:00:00,+08:00,"Yancheng power station , Yancheng (盐城盐城电厂)",889,33.402778,120.117778,89,89,51,1.6,8.7,29.3,3.7,98.2,23.9,,3
1753,2022-06-04 16:00:00,+08:00,"BDA Management Committe, Yancheng (盐城开发区管委会)",892,33.382778,120.217222,87,87,34,2.6,5.1,24.4,3.7,98.2,23.9,,3
1754,,+08:00,"Wenfeng Middle School , Yancheng (盐城文峰中学)",891,33.371944,120.128889,-,,,,,,,97.8,-0.7,,1
1755,,+08:00,"City Monitoring Station, Yangzhou (扬州市监测站)",901,32.41,119.404444,-,,,,,,,50,12,,2.5
1756,2022-06-04 16:00:00,+08:00,"Hanjiang Monitoring Station, Yangzhou (扬州邗江监测站)",860,32.376111,119.388611,70,57,70,4.1,3.7,52.6,8.2,74,29,,1.5
1757,,+08:00,"No. 4 Hospital, Yangzhou (扬州第四医院)",861,32.403333,119.439167,-,,,,,,,50,12,,2.5
1758,,+08:00," Chéng dōng cáizhèng suǒ, Yangzhou (扬州城东财政所)",858,32.387778,119.46,-,,,,,,,50,12,,2.5
1759,2016-03-17 09:00:00,+0800,"City Monitoring Station, Zhenjiang",900,32.205556,119.428611,-,155,83,18.3,24.7,11,9.1,55,19.15,,
1760,2022-06-04 16:00:00,+08:00,"Vocational Education Center , Zhenjiang (镇江职教中心)",878,32.215,119.491389,74,74,23,1.6,4.2,46.8,6.4,74,29,,1.5
1761,2022-06-04 16:00:00,+08:00,"Dantu Monitoring Station , Zhenjiang (镇江丹徒区监测站)",879,32.131944,119.430278,55,17,20,1.1,4.2,55.2,5.5,74,29,,1.5
1762,2022-06-04 16:00:00,+08:00,"New District Administrative office , Zhenjiang (镇江新区办事处)",877,32.188333,119.680556,72,72,32,2.6,6.4,55.2,6.4,74,29,,1.5
1763,2022-06-04 16:00:00,+08:00," Gōngyuán lù, Taizhoushi (泰州公园路)",880,32.486667,119.9,97,97,47,2.6,7.8,58.4,8.2,73,28,,3
1764,2022-06-04 16:00:00,+08:00,"Students Innovation Park , Taizhoushi (泰州留学生创业园)",883,32.463889,119.888333,64,63,23,3.6,6.4,63.6,3.7,73,28,,3
1765,,+08:00,"Gaogang Adminstrative office , Taizhoushi (泰州高港区政府)",882,32.303056,119.881667,-,,,,,,,100,-0.3,99,1
1766,2022-06-04 16:00:00,+08:00,"Suqian College , Suqian (宿迁宿迁学院)",894,33.933096,118.292648,91,91,42,2.6,8.7,34.6,3.7,84.1,25.8,99.2,2
1767,,+08:00,"City Monitoring Station, Suqian (宿迁市监测站)",897,33.96,118.265833,-,,,,,,,97.8,-0.3,,1
1768,2022-06-04 16:00:00,+08:00,"Suqian Middle School , Suqian (宿迁宿迁中学)",895,33.957273,118.232104,89,89,51,2.1,6,37,4.6,84.1,25.8,99.2,2
1769,2020-12-31 13:00:00,+08:00,"Suyu EPA, Suqian (宿迁宿豫环保局)",7671,33.951,118.321,149,149,67,4.1,8.3,19.1,5.5,55.2,-3.7,0.1,5
1770,2021-12-20 10:00:00,+08:00,"Hongqiao Post, Jiangyin (江阴虹桥邮政)",7672,31.9202,120.2683,158,158,81,9.2,39.8,,13.6,53.9,29.4,99.5,2
1771,2021-12-20 10:00:00,+08:00,"Wuxing Park, Jiangyin (江阴五星公园)",7673,31.9085,120.2374,159,159,84,7.1,38.9,,11.8,53.9,29.4,99.5,2
1772,2021-12-20 10:00:00,+08:00,"Second Experimental Primary School, Jiangyin (江阴第二实验小学)",7674,31.9197,120.3017,158,158,83,6.6,39.4,,11.8,53.9,29.4,99.5,2
1773,2021-12-20 10:00:00,+08:00,"City EPA, Yixing (宜兴市环保局)",7675,31.3542,119.8177,151,151,74,23.9,34.8,,11.8,53.9,29.4,99.5,2
1774,2021-12-20 10:00:00,+08:00,"Yi Park, Yixing (宜兴宜园)",7676,31.3714,119.7942,129,129,67,17.8,34.3,,12.7,53.9,29.4,99.5,2
1775,2021-12-20 10:00:00,+08:00,"East Gate Station, Liyang (溧阳东门子站)",7677,31.4,119.46,89,89,54,6.1,19.7,,8.2,65,8,,0.5
1776,2021-12-20 10:00:00,+08:00,"yànshān zi zhàn, Liyang (溧阳燕山子站)",7678,31.3167,119.4383,109,109,48,4.6,11.9,,10,65,8,,0.5
1777,2021-12-20 10:00:00,+08:00,"City Monitoring Station, Jintan (金坛市监测站)",7679,31.7686,119.7719,139,139,66,7.1,22,,8.2,65,8,,0.5
1778,2021-12-20 10:00:00,+08:00,"Water Company, Jintan (金坛自来水公司)",7680,31.7956,119.7753,142,142,66,6.6,21.5,,9.1,65,8,,0.5
1779,2021-12-20 10:00:00,+08:00,"Hai Yu sub-station, Changshu (常熟海虞子站)",7681,31.6695,120.7575,158,158,78,4.6,32.5,,9.1,43,12,,2.5
1780,2021-12-20 10:00:00,+08:00,"Ling Tong sub-station, Changshu (常熟菱塘子站)",7682,31.6563,120.7339,159,159,79,8.2,37.5,,10,43,12,,2.5
1781,2021-12-20 10:00:00,+08:00,"Xingfu sub-station, Changshu (常熟兴福子站)",7683,31.6712,120.7205,142,142,66,8.7,25.6,,10.9,43,12,,2.5
1782,2021-12-20 10:00:00,+08:00,"City Monitoring Station, Zhangjiagang (张家港市监测站)",7684,31.8742,120.5264,154,154,74,8.2,37.5,,8.2,94,22,,1.5
1783,2021-12-20 10:00:00,+08:00,"North Elementary School, Zhangjiagang (张家港城北小学)",7685,31.8819,120.5497,156,156,65,9.7,37.5,,8.2,71.9,26.8,99.1,4
1784,2021-12-20 10:00:00,+08:00,"Experimental Primary School, Kunshan (昆山实验小学)",7686,31.3875,120.9531,160,160,73,6.6,33.4,,11.8,43,12,,2.5
1785,2021-12-20 10:00:00,+08:00,"Zhenchuan High School, Kunshan (昆山震川中学)",7687,31.3814,120.9989,144,144,77,10.2,33.4,,9.1,43,12,,2.5
1786,2021-12-20 10:00:00,+08:00,"City EPA, Wujiang (吴江市环保局)",7688,31.1456,120.6419,154,154,69,8.2,33.9,,7.3,43,12,,2.5
1787,,+08:00,"Teacher training school, Wujiang (吴江教师进修学校)",7689,31.17,120.6347,-,,,,,,,50,11,,3.6
1788,2021-12-20 10:00:00,+08:00,"BDA, Wujiang (吴江开发区)",7690,31.1717,120.6583,154,154,72,5.1,35.7,,10,43,12,,2.5
1789,2021-12-20 10:00:00,+08:00,"City Monitoring Station, Taicang (太仓市监测站)",7691,31.4533,121.1147,156,156,78,7.6,38.4,,10,43,12,,2.5
1790,2020-09-26 08:00:00,+08:00,"kējiào xīnchéng shí xiǎo, Taicang (太仓科教新城实小)",7692,31.4221,121.1396,55,55,31,4.6,15.1,,4.6,73,23,,4.1
1791,2021-12-20 10:00:00,+08:00,"City Monitoring Station, Haimen (海门市监测站)",7693,31.8956,121.1727,153,153,73,8.7,28.4,,9.1,29.5,15,,0.5
1792,,+08:00,"beilei kindergarten, Haimen (海门蓓蕾幼儿园)",7694,31.896,121.1543,-,,,,,,,84.5,5,,0.1
1793,2021-12-20 10:00:00,+08:00,"fáng jiā bà, Jurong (句容房家坝)",7695,31.955,119.18,153,153,72,6.1,29.8,,9.1,65,8,,0.5
1794,2021-12-20 10:00:00,+08:00,"Fire Command Center, Jurong (句容消防指挥中心)",7696,31.955,119.146,144,144,64,6.6,20.2,,8.2,65,8,,0.5
1795,2022-06-04 17:00:00,+08:00," Cáozhāng, Wuxi (无锡曹张)",864,31.56,120.294,55,55,22,2.6,1.9,,5.5,81.8,28.3,99.5,2
1796,2016-09-18 11:00:00,+0800,"Suyu District Environmental Protection Agency , Suqian",896,33.9506,118.3214,-,42,40,7.6,3.7,,5.5,,,,
1797,2022-06-04 17:00:00,+08:00,Nanjing (南京),1485,32.060255,118.796877,30,30,16,2.1,6,26.9,4.4,79,29,,2.5
1798,2022-06-04 16:00:00,+08:00,Wuxi (无锡),1486,31.490637,120.311143,76,76,42,3.1,4.6,53.2,4.6,81.8,28.3,99.5,2
1799,2022-06-04 16:00:00,+08:00,Xuzhou (徐州),1487,34.20475,117.284072,95,95,68,5.1,4.6,47.6,5.5,63,29.9,,3
1800,2022-06-04 15:00:00,+08:00,Changzhou (常州),1488,31.810077,119.974454,50,50,23,3.1,4.2,41.9,3.7,81.8,28.3,99.5,2
1801,2022-06-04 16:00:00,+08:00,Suzhou (苏州),1489,31.298886,120.585316,53,42,25,3.1,2.3,52.6,4.6,70,30,,2.5
1802,2022-06-04 16:00:00,+08:00,Lianyungang (连云港),1491,34.596544,119.221282,91,91,57,0.6,5.1,27.3,2.8,82.9,24.8,99.1,4
1803,2022-06-04 16:00:00,+08:00,Yangzhou (扬州),1492,32.39421,119.412966,70,57,70,4.1,3.7,52.6,8.2,74,29,,1.5
1804,2022-06-04 16:00:00,+08:00,Zhenjiang (镇江),1493,32.187849,119.425836,74,74,23,1.6,4.2,55.2,6.4,74,29,0,1.5
1805,2022-06-04 16:00:00,+08:00,Huai'an (淮安),1494,33.61036,119.015288,109,109,52,2.6,8.3,22,8.2,84.1,25.8,99.2,2
1806,2022-06-04 16:00:00,+08:00,Yancheng (盐城),1495,33.347378,120.163561,46,46,38,3.1,5.1,27.3,3.7,98.2,23.9,,3
1807,2022-06-04 16:00:00,+08:00,Suqian (宿迁),1496,33.962013,118.275498,91,91,42,2.6,8.7,34.6,3.7,84.1,25.8,99.2,2
1808,2022-06-04 16:00:00,+08:00,Taizhoushi (泰州),1582,32.455778,119.923116,65,65,50,2.1,5.1,44.7,6.4,73,28,,3
1809,,+08:00,"jiāncè lóu, Suzhou (宿州监测楼)",7122,33.6481,116.9765,-,,,,,,,100,-0.1,99.5,2
1810,,+08:00,"yī zhōng, Suzhou (宿州一中)",7123,33.6284,116.9677,-,,,,,,,100,-0.1,99.5,2
1811,2021-04-20 17:00:00,+08:00,"Railway station, Suzhou (宿州火车站)",7124,33.63063889,116.989,168,168,70,5.6,19.2,24.4,6.3,75.1,15.6,0.4,3
1812,2021-12-20 10:00:00,+08:00,Jiangyin (江阴),7873,31.920658,120.284939,158,158,81,9.2,39.8,,13.6,53.9,29.4,99.5,2
1813,2021-12-20 10:00:00,+08:00,Changshu (常熟),7874,31.653686,120.752503,158,158,78,4.6,32.5,,9.1,43,12,,2.5
1814,2021-12-20 10:00:00,+08:00,Wujiang (吴江),7875,31.139071,120.645135,154,154,69,8.2,33.9,,7.3,43,12,,2.5
1815,,+08:00,"Donghu Liyuan, Wuhan (东湖梨园)",904,30.5746245688383,114.372305072107,-,,,,,,,88,27,,2.5
1816,,+08:00,"Yuehu Lake, Wuhan (汉阳月湖)",905,30.5571378257044,114.251523174281,-,,,,,,,88,27,,2.5
1817,,+08:00,"Hankou Huaqiao , Wuhan (汉口花桥)",906,30.6196730729398,114.282229640575,-,,,,,,,88,27,,2.5
1818,,+08:00,"Wuchang Ziyang , Wuhan (武昌紫阳)",907,30.5332340005751,114.304000350723,-,,,,,,,88,27,,2.5
1819,,+08:00,"Qingshan Ganghua, Wuhan (青山钢花)",908,30.624719,114.370058,-,,,,,,,88,27,,2.5
1820,,+08:00,"Dunkou Xinou, Wuhan (沌口新区)",909,30.482469,114.156561,-,,,,,,,88,27,,2.5
1821,,+08:00,"Hankou, Wuhan (汉口江滩)",910,30.594389,114.301447,-,,,,,,,88,27,,2.5
1822,2020-07-18 02:00:00,+08:00,"Donghu Gaoxin, Wuhan (东湖高新)",911,30.4832623885865,114.401701915129,-,127,77,8.2,21.5,16.3,9.2,79,30,,2.5
1823,,+08:00,"Wujianshan, Wuhan (吴家山)",912,30.633424,114.130212,-,,,,,,,88,27,,2.5
1824,2021-10-26 15:00:00,+08:00,"Yuanshun Road, Wuhan (沉湖七壕)",913,30.29982222,113.8530639,99,99,62,5.1,14.7,,7.4,60,20,,1.5
1825,2021-10-26 15:00:00,+08:00,"江汉红领巾, Wuhan",9859,30.62955556,114.2444444,147,147,75,5.1,14.2,,6.8,60,20,,1.5
1826,2021-10-26 15:00:00,+08:00,"江汉南片区站, Wuhan",9860,30.57102778,114.2838278,76,76,60,5.1,12.8,,5.1,60,20,,1.5
1827,2021-10-26 15:00:00,+08:00,"硚口古田, Wuhan",9861,30.60583333,114.1872222,70,70,,4.1,13.3,,5.4,60,20,,1.5
1828,2021-10-26 15:00:00,+08:00,"洪山地大, Wuhan",9862,30.52027778,114.3983333,87,87,51,8.2,19.7,,11.8,60,20,,1.5
1829,2021-10-26 15:00:00,+08:00,"蔡甸区站, Wuhan",9863,30.58766667,114.0213611,119,119,71,5.6,17.9,,9,60,20,,1.5
1830,2021-10-26 15:00:00,+08:00,"江夏区站, Wuhan",9864,30.34361111,114.3327778,97,97,52,4.1,9.6,,4.4,60,20,,1.5
1831,2021-10-26 15:00:00,+08:00,"东西湖区站, Wuhan",9865,30.65802778,114.1651667,153,153,69,4.1,3.7,,4.7,60,20,,1.5
1832,2021-10-26 15:00:00,+08:00,"汉南区站, Wuhan",9866,30.30888889,114.0736111,137,137,61,3.6,8.7,,5,60,20,,1.5
1833,2021-10-26 15:00:00,+08:00,"黄陂区站, Wuhan",9867,30.88444444,114.3691667,97,97,56,3.6,6,,3.1,60,20,,1.5
1834,2021-10-26 15:00:00,+08:00,"新洲区站, Wuhan",9868,30.83555556,114.7913889,89,89,51,3.1,1,,4.5,60,20,,1.5
1835,2021-10-26 15:00:00,+08:00,"化工区站, Wuhan",9869,30.629419,114.535683,122,122,66,3.6,12.4,,7,60,20,,1.5
1836,2021-10-26 15:00:00,+08:00,"182 Minzu Road, Wuhan (民族大道182号)",10442,30.494067,114.3885,144,144,50,5.6,15.6,,7.4,60,20,,1.5
1837,2021-01-01 01:00:00,+08:00,"Silingsan Factory, Yichang (宜昌四零三)",4851,30.7157,111.3009,161,161,87,3.1,17.9,1.7,6.4,72.2,-0.3,99.8,1
1838,2022-06-04 17:00:00,+08:00,"Bái lónggǎng, Yichang (宜昌白龙岗)",4852,30.698,111.2992,33,30,13,5.1,4.2,33.3,3.7,88.3,26.4,0.4,2
1839,2022-06-04 17:00:00,+08:00,"Wujiāgǎng, Yichang (宜昌伍家岗)",4853,30.6463,111.3549,38,38,15,2.6,4.6,37,4.6,88.3,26.4,0.4,2
1840,2022-06-04 17:00:00,+08:00,"Diǎnjūn district, Yichang (宜昌点军区)",4854,30.696,111.268,41,38,16,2.6,2.8,40.7,2.8,88.3,26.4,0.4,2
1841,2022-06-04 17:00:00,+08:00,"Yílíng district, Yichang (宜昌夷陵区)",4855,30.7819,111.3296,42,9,7,2.6,3.7,42.3,3.7,18,22.2,,2
1842,2022-06-04 17:00:00,+08:00,"City Library , Jingzhou (荆州市图书馆)",4856,30.3175,112.2551,34,34,13,3.6,4.6,32.1,5.5,80.9,28.2,99.5,1
1843,2022-06-04 17:00:00,+08:00,"City committee communist party school, Jingzhou (荆州市委党校)",4857,30.3515,112.2068,50,50,13,3.1,4.2,27.7,4.6,80.9,28.2,99.5,1
1844,,+08:00,"kerong EPA, Jingzhou (荆州科融环保)",4858,30.3055,112.2887,-,,,,,,,99.3,1.8,0.2,1
1845,2022-06-04 16:00:00,+08:00,Yichang (宜昌),1530,30.691967,111.286471,61,61,23,5.1,3.2,,2.8,88.3,26.4,0.4,2
1846,2022-06-04 16:00:00,+08:00,Jingzhou (荆州),1531,30.335165,112.239741,34,34,17,3.6,3.7,,5.5,80.9,28.2,99.5,1
1847,2022-06-04 16:00:00,+08:00,Huangshi (黄石),3653,30.199652,115.03852,59,59,53,2.6,10.6,,6.4,57,11,,1.5
1848,2022-06-04 16:00:00,+08:00,Shiyan (十堰),3654,32.629397,110.797991,34,34,20,3.6,4.6,,5.5,25.8,23,,0.4
1849,2022-06-04 16:00:00,+08:00,Xiangyang (襄阳),3655,32.008986,112.122415,38,38,9,3.6,7.4,,6.4,78.8,27.3,99.1,4
1850,2022-06-04 16:00:00,+08:00,Ezhou (鄂州),3656,30.39194,114.894843,55,55,31,1.6,6,,7.3,83,28,,2.5
1851,2022-06-04 16:00:00,+08:00,Jingmen (荆门),3657,31.035423,112.199265,53,53,22,4.1,1.9,,6.4,79.1,29.2,0.7,2
1852,2022-06-04 16:00:00,+08:00,Xiaogan (孝感),3658,30.924568,113.916903,8,5,8,1.1,4.2,,5.5,83,28,,2.5
1853,2022-06-04 16:00:00,+08:00,Huanggang (黄冈),3659,30.453906,114.872316,57,57,22,6.6,7.4,,5.5,83,28,,2.5
1854,2022-06-04 16:00:00,+08:00,Xianning (咸宁),3660,29.841443,114.322492,42,42,18,3.1,2.3,,2.8,98.2,26.3,3.1,2
1855,2022-06-04 16:00:00,+08:00,Suizhou (随州),3661,31.690216,113.382458,21,21,10,1.6,0.5,,4.6,98.8,25.6,1.3,4
1856,,+08:00,Enshi (恩施),3662,30.29468,109.479665,-,,,,,,,92,6.6,99,1
1857,,+08:00,Xiantao (仙桃),3663,30.362641,113.454593,-,,,,,,,97.8,-0.5,99,2
1858,,+08:00,Qianjiang (潜江),3664,30.40211,112.900079,-,,,,,,,99.3,1.8,0.2,1
1859,,+08:00,Tianmen (天门),3665,30.663372,113.16653,-,,,,,,,97.9,3.7,99.1,2
1860,,+08:00,Shennongjia (神农架),3666,31.743483,110.680448,-,,,,,,,23.3,11.4,,4
1861,,+08:00,Xiangfan (襄樊),5392,32.008986,112.122415,-,,,,,,,95.1,1.9,99.1,1
1862,,+08:00,"Huangshi, Hubei (黄石)",3667,30.199652,115.03852,-,,,,,,,,,,
1863,,+08:00,"Shiyan, Hubei (十堰)",3668,32.629397,110.797991,-,,,,,,,49.5,10.1,,0.4
1864,,+08:00,"Yichang, Hubei (宜昌)",3669,30.691967,111.286471,-,,,,,,,99.3,3.2,99.1,1
1865,,+08:00,"Xiangyang, Hubei (襄阳)",3670,32.008986,112.122415,-,,,,,,,95.1,1.9,99.1,1
1866,,+08:00,"Ezhou, Hubei (鄂州)",3671,30.39194,114.894843,-,,,,,,,57,11,,1.5
1867,,+08:00,"Jingmen, Hubei (荆门)",3672,31.035423,112.199265,-,,,,,,,97.9,3.7,99.1,2
1868,,+08:00,"Xiaogan, Hubei (孝感)",3673,30.924568,113.916903,-,,,,,,,57,11,,1.5
1869,,+08:00,"Jingzhou, Hubei (荆州)",3674,30.335165,112.239741,-,,,,,,,99.3,1.8,0.2,1
1870,,+08:00,"Huanggang, Hubei (黄冈)",3675,30.453906,114.872316,-,,,,,,,57,11,,1.5
1871,,+08:00,"Xianning, Hubei (咸宁)",3676,29.841443,114.322492,-,,,,,,,97.8,-0.5,99,2
1872,,+08:00,"Suizhou, Hubei (随州)",3677,31.690216,113.382458,-,,,,,,,95.8,2.8,99,1
1873,,+08:00,"Enshi, Hubei (恩施)",3678,30.272156,109.488172,-,,,,,,,92,6.6,99,1
1874,,+08:00,"Xiantao, Hubei (仙桃)",3679,30.362641,113.454593,-,,,,,,,97.8,-0.5,99,2
1875,,+08:00,"Qianjiang, Hubei (潜江)",3680,30.40211,112.900079,-,,,,,,,99.3,1.8,0.2,1
1876,,+08:00,"Tianmen, Hubei (天门)",3681,30.663372,113.16653,-,,,,,,,97.9,3.7,99.1,2
1877,,+08:00,"Shennongjia, Hubei (神农架)",3682,31.743483,110.680448,-,,,,,,,23.3,11.4,,4
1878,2022-06-04 17:00:00,+08:00,"Chenjiaying, Huangshi, Hubei (黄石沈家营)",5393,30.235194444444,115.06247222222,68,68,55,6.6,6.9,,5.5,,,,
1879,2022-06-04 17:00:00,+08:00,"Chenjiawan , Huangshi, Hubei (黄石陈家湾)",5394,30.202777777778,115.07666666667,61,61,57,3.1,14.2,,7.3,,,,
1880,,+08:00,"Xinxialu, Huangshi, Hubei (黄石新下陆)",5395,30.175988888889,114.94926944444,-,,,,,,,57,11,,1.5
1881,2022-06-04 17:00:00,+08:00,"Tie montian, Huangshi, Hubei (黄石铁山)",5396,30.206602777778,114.90141388889,72,72,36,2.6,8.3,,3.7,88,27,,2.5
1882,,+08:00,"BDA, Huangshi, Hubei (黄石经济开发区)",5397,30.209944444444,115.02638888889,-,,,,,,,,,,
1883,2021-01-01 01:00:00,+08:00,"Wudang Mountain , Shiyan, Hubei (十堰武当山)",5398,32.395,111.04194444444,59,59,52,2.6,2.3,,3.7,35.4,8.8,,0.3
1884,2022-06-04 17:00:00,+08:00,"Riverside Village , Shiyan, Hubei (十堰滨河新村)",5399,32.649444444444,110.78,46,46,24,3.6,4.2,,5.5,25,21.9,,0.4
1885,2022-06-04 17:00:00,+08:00,"Liujiagou , Shiyan, Hubei (十堰刘家沟)",5400,32.638888888889,110.72583333333,21,21,18,4.1,2.8,,5.5,25,21.9,,0.4
1886,2022-06-04 17:00:00,+08:00,"tiě èr chù, Shiyan, Hubei (十堰铁二处)",5401,32.571388888889,110.88388888889,38,38,12,3.6,2.8,,3.7,25,21.9,,0.4
1887,,+0800,"Yunyang County District automatic air station , Shiyan",5402,,,-,,,,,,,92,21.53,2.35,1.3
1888,,+08:00,"Xiangcheng Yundong Street, Xiangfan, Hubei (襄樊襄城运动路)",5403,32.019722222222,112.155,-,,,,,,,95.1,1.9,99.1,1
1889,,+08:00,"Fancheng Xinhua Road , Xiangfan, Hubei (襄樊樊城新华路)",5404,32.056388888889,112.13916666667,-,,,,,,,95.1,1.9,99.1,1
1890,,+08:00,"High-tech Zone , Xiangfan, Hubei (襄樊高新管委会)",5405,32.1145,112.18355,-,,,,,,,95.1,1.9,99.1,1
1891,,+08:00,"Xiangzhou Hangkong Road , Xiangfan, Hubei (襄樊襄州航空路)",5406,32.090333333333,112.21097222222,-,,,,,,,95.1,1.9,99.1,1
1892,2022-06-04 17:00:00,+08:00,"City government, Ezhou, Hubei (鄂州市政府)",5407,30.394527777778,114.88777777778,63,63,41,4.6,6.9,,6.4,88,27,,2.5
1893,2022-06-04 17:00:00,+08:00,"Zhaojiaba, Ezhou, Hubei (鄂州赵家坝)",5408,30.371666666667,114.89861111111,59,59,30,1.6,6.4,,5.5,88,27,,2.5
1894,2021-01-01 02:00:00,+08:00,"Fankou BDA, Ezhou, Hubei (鄂州凡口开发区)",5409,30.413333333333,114.81305555556,102,102,66,8.7,28.4,,16.3,58,-3,,0.5
1895,2022-06-04 17:00:00,+08:00,"wenhua street, Shenyang , Xiaogan, Hubei (孝感文化路)",5410,30.928333333333,113.91555555556,17,17,12,1.6,5.1,,5.5,88,27,,2.5
1896,2022-06-04 17:00:00,+08:00,"Dongcheng District , Huludao , Xiaogan, Hubei (孝感东城区)",5411,30.920419444444,113.93840833333,21,21,13,2.1,5.5,,5.5,88,27,,2.5
1897,,+08:00,"Dazhou Island, Huanggang, Hubei (黄冈大洲岛)",5412,30.448888888889,114.89527777778,-,,,,,,,57,11,,1.5
1898,2022-06-04 17:00:00,+08:00,"Workers Center , Huanggang, Hubei (黄冈职工中心)",5413,30.471922222222,114.90745555556,68,68,22,4.6,6.9,,6.4,88,27,,2.5
1899,2022-06-04 17:00:00,+08:00,"Municipal Development and Reform Commission , Xianning, Hubei (咸宁市发改委)",5414,29.821111111111,114.32305555556,30,30,11,3.1,1.9,,2.8,98.2,26.3,3.1,2
1900,2022-06-04 17:00:00,+08:00,"Xianan District Governement, Xianning, Hubei (咸宁咸安区政府)",5415,29.513611111111,114.17638888889,17,17,10,1.6,1.4,,3.7,79.1,29.4,99.1,1
1901,2022-06-04 17:00:00,+08:00,"Yangtze River Industrial Park , Xianning, Hubei (咸宁长江产业园)",5416,29.885558333333,114.32367777778,55,55,19,2.6,1,,4.6,98.2,26.3,3.1,2
1902,,+08:00,"Qianshan Park, Xianning, Hubei (咸宁潜山公园)",5417,29.817816666667,114.32328333333,-,,,,,,,99.3,2.2,99,1
1903,2022-06-04 17:00:00,+08:00,"Wujiāgǎng, Yichang, Hubei (宜昌伍家岗)",6948,30.646277777778,111.35486111111,38,38,15,2.6,4.6,,4.6,88.3,26.4,0.4,2
1904,2021-01-01 01:00:00,+08:00,"Silingsan Factory, Yichang, Hubei (宜昌四零三)",6949,30.715694444444,111.30088888889,161,161,87,3.1,17.9,,6.4,72.2,-0.3,99.8,1
1905,2022-06-04 17:00:00,+08:00,"Bái lónggǎng, Yichang, Hubei (宜昌白龙岗)",6950,30.698,111.29922222222,30,30,13,5.1,4.2,,3.7,88.3,26.4,0.4,2
1906,2022-06-04 17:00:00,+08:00,"Diǎnjūn district, Yichang, Hubei (宜昌点军区)",6951,30.695972222222,111.268,38,38,16,2.6,2.8,,2.8,88.3,26.4,0.4,2
1907,2022-06-04 17:00:00,+08:00,"Yílíng district, Yichang, Hubei (宜昌夷陵区)",6952,30.781861111111,111.32958333333,9,9,7,2.6,3.7,,3.7,18,22.2,,2
1908,2022-06-04 17:00:00,+08:00,"City committee communist party school, Jingzhou, Hubei (荆州市委党校)",6953,30.351527777778,112.20677777778,50,50,13,3.1,4.2,,4.6,80.9,28.2,99.5,1
1909,2022-06-04 17:00:00,+08:00,"City Library , Jingzhou, Hubei (荆州市图书馆)",6954,30.3175,112.25513888889,34,34,13,3.6,4.6,,5.5,80.9,28.2,99.5,1
1910,,+08:00,"kerong EPA, Jingzhou, Hubei (荆州科融环保)",6955,30.3055,112.2887,-,,,,,,,99.3,1.8,0.2,1
1911,2022-06-04 16:00:00,+08:00,"City committee communist party school, Suizhou, Hubei (随州市委党校)",6329,31.727222222222,113.35861111111,25,25,10,3.1,1.4,,6.4,98.8,25.6,1.3,4
1912,2022-06-04 17:00:00,+08:00,"Forestry Bureau, Suizhou, Hubei (随州市林业局)",6330,31.691944444444,113.37694444444,16,9,16,1.6,1,,4.6,98.8,25.6,1.3,4
1913,2022-06-04 16:00:00,+08:00,"lìjiāoqiáo shuǐchǎng, Suizhou, Hubei (随州市立交桥水厂)",6331,31.7308,113.3983,17,17,10,3.1,1.9,,5.5,98.8,25.6,1.3,4
1914,2022-06-04 17:00:00,+08:00,"Xiangcheng Yundong Street, Xiangyang, Hubei (襄阳襄城运动路)",6464,32.019722222222,112.155,46,46,15,3.6,10.1,,6.4,78.8,27.3,,4
1915,2022-06-04 17:00:00,+08:00,"Fancheng Xinhua Road , Xiangyang, Hubei (襄阳樊城新华路)",6465,32.056388888889,112.13916666667,68,68,40,2.6,5.5,,7.3,78.8,27.3,,4
1916,2022-06-04 17:00:00,+08:00,"High-tech Zone , Xiangyang, Hubei (襄阳高新管委会)",6466,32.1145,112.18355,74,74,34,1.1,6.4,,8.2,78.8,27.3,,4
1917,2022-06-04 17:00:00,+08:00,"Xiangzhou Hangkong Road , Xiangyang, Hubei (襄阳襄州航空路)",6467,32.090333333333,112.21097222222,59,59,52,2.6,7.4,,8.2,78.8,27.3,,4
1918,2022-06-04 17:00:00,+08:00,"Zhuyuan primary school, Jingmen, Hubei (荆门竹园小学)",6956,31.048333333333,112.20138888889,17,17,27,4.1,1,,5.5,79.1,29.2,0.7,2
1919,2022-06-04 17:00:00,+08:00,"duodao, Jingmen, Hubei (荆门掇刀)",6957,30.9892,112.1969,30,30,16,1.6,3.7,,5.5,79.1,29.2,0.7,2
1920,2022-06-04 17:00:00,+08:00,"shíhuà yī xiǎo, Jingmen, Hubei (荆门石化一小)",6958,31.038611111111,112.22111111111,55,55,15,4.1,1.9,,6.4,79.1,29.2,0.7,2
1921,,+08:00,"City government, Jingmen, Hubei (荆门市政府)",6959,31.0375,112.19305555556,-,,,,,,,97.9,3.7,99.1,2
1922,,+0800,"Xiantao government, Xiantao",6960,,,-,,,,,,,99,21.83,90.3,3.76
1923,,+0800,"Xiantao vocational college, Xiantao",6961,,,-,,,,,,,99,21.83,90.3,3.76
1924,,+08:00,"húběi mín yuàn, Enshi, Hubei (恩施湖北民院)",6962,30.298888888889,109.50388888889,-,,,,,,,92,6.6,99,1
1925,,+08:00,"State Power Company, Enshi, Hubei (恩施州电力总公司)",6963,30.298888888889,109.50388888889,-,,,,,,,92,6.6,99,1
1926,,+0800,"Qianjiang City Station, Qianjiang",7015,,,-,,,,,,,99,21.83,90.3,3.76
1927,,+0800,"Qianjiang Planning Commission, Qianjiang",7016,,,-,,,,,,,99,21.83,90.3,3.76
1928,,+08:00,"Tianmen City Administration, Tianmen, Hubei (天门天门市政府)",7041,30.663372,113.16653,-,,,,,,,97.9,3.7,99.1,2
1929,,+08:00,"Tiānmén xīnchéng, Tianmen, Hubei (天门天门新城)",7042,30.650271,113.150306,-,,,,,,,97.9,3.7,99.1,2
1930,,+08:00,"Zhuxi County, Shiyan, Hubei (十堰竹溪县)",7760,32.318255,109.715304,-,,,,,,,55.2,8,,0.2
1931,2022-06-04 17:00:00,+08:00,"Fertilizer Factory Living Area, Hohhot (呼和浩特化肥厂生活区)",933,40.757093,111.724539,9,9,7,4.1,1.9,,1.9,9,27,,8.7
1932,2022-06-04 17:00:00,+08:00,"No.1 Prison, Hohhot (呼和浩特呼市一监)",934,40.795085,111.628978,18,9,18,3.1,2.3,,1,9,27,,8.7
1933,2022-06-04 17:00:00,+08:00,"Xiaozhao, Hohhot (呼和浩特小召)",935,40.7999638,111.6612439,13,9,13,2.6,6.4,,1.9,9,27,,8.7
1934,,+08:00,"Xingsong Compound, Hohhot (呼和浩特兴松小区)",936,40.845941,111.661607,-,,,,,,,54,-2,,2.5
1935,,+08:00,"Sugar refinery, Hohhot (呼和浩特糖厂)",937,40.812974,111.615625,-,,,,,,,54,-2,,2.5
1936,2022-06-04 17:00:00,+08:00,"Ruyi Sewage Plant, Hohhot (呼和浩特如意水处理厂)",938,40.842299,111.749138,9,9,7,4.1,2.8,,1.9,9,27,,8.7
1937,2022-06-04 17:00:00,+08:00,"No.29 Middle School, Hohhot (呼和浩特二十九中)",939,40.277474,111.204041,5,65,5,4.1,2.8,,2.8,9,27,,8.7
1938,2022-06-04 17:00:00,+08:00,"Engineering University, Jinchuan Campus, Hohhot (呼和浩特工大金川校区)",940,40.842299,111.749138,9,9,6,2.6,2.3,,2.8,9,27,,8.7
1939,2022-06-04 17:00:00,+08:00,"City Environmental Monitoring Station, Baotou (包头市环境监测站)",3410,40.6532,109.8756,47,17,25,2.6,1.9,46.8,2.8,24.1,23,99.1,3
1940,2021-01-01 01:00:00,+08:00,"Donghe EPB, Baotou (包头东河城环局)",3411,40.5905,110.0067,165,165,85,27.4,27.5,3.7,16.3,30.1,-12.3,,3
1941,,+08:00,"Baotou shopping mall, Baotou (包头包百大楼)",3412,40.6575,109.8104,-,,,,,,,36.2,-2.3,99,3
1942,2022-06-04 17:00:00,+08:00,"Qīngshān bīnguǎn, Baotou (包头青山宾馆)",3413,40.6821,109.8538,46,42,28,4.1,2.3,45.5,2.8,24.1,23,99.1,3
1943,2022-06-04 17:00:00,+08:00,"Huilong logistics, Baotou (包头惠龙物流)",3414,40.6288,109.8654,53,53,30,3.1,2.3,49.6,1.9,24.1,23,99.1,3
1944,2022-06-04 17:00:00,+08:00,"Dōng hé hóng lóngwān, Baotou (包头东河鸿龙湾)",3415,40.5546,110.0377,46,21,23,4.1,1,45.5,2.8,24.1,23,99.1,3
1945,2022-06-04 17:00:00,+08:00,"Zònghé lóu, Eerduosi (鄂尔多斯综合楼)",3416,39.8129,110.0023,52,30,44,2.6,6.4,51.9,3.7,24.1,23,99.1,3
1946,2022-06-04 17:00:00,+08:00,"Bayīnmèngkè forest office, Eerduosi (鄂尔多斯巴音孟克林场办事处)",3417,39.8261,109.9486,59,50,59,3.6,2.8,55.2,2.8,24.1,23,99.1,3
1947,2022-06-04 17:00:00,+08:00,"Kāngzéyuàn, Eerduosi (鄂尔多斯康泽苑)",3418,39.5986,109.7736,57,38,57,2.1,2.3,55.8,3.7,24.1,23,99.1,3
1948,2022-06-04 17:00:00,+08:00,"Huatai Automobile Mall, Eerduosi (鄂尔多斯华泰汽车城)",3419,39.5989,109.8119,57,50,56,3.1,1.4,57.1,2.8,24.1,23,99.1,3
1949,2022-06-04 17:00:00,+08:00,"Olympus Garden, Eerduosi (鄂尔多斯奥林花园)",3420,39.7884,109.9734,56,55,54,2.6,3.7,55.8,4.6,24.1,23,99.1,3
1950,2022-06-04 17:00:00,+08:00,"Tianyi Road, Chifeng (赤峰天义路)",3585,42.2556,118.8789,39,25,9,4.6,6,39,5.5,78.9,20.8,0.5,1
1951,2022-06-04 17:00:00,+08:00,"Songshan No.1 Middle School, Chifeng (赤峰松山一中)",3586,42.2814,118.9233,39,30,10,4.6,6,39.4,6,78.9,20.8,0.5,1
1952,2022-06-04 17:00:00,+08:00,"Hada Street, Chifeng (赤峰哈达街)",3587,42.2725,118.9572,39,9,19,7.6,9.6,39,4.6,78.9,20.8,0.5,1
1953,,+08:00,"Songshan Road, Chifeng (赤峰松山路)",3588,42.0317,119.2719,-,,,,,,,48.1,-4.9,99.7,2
1954,2022-06-04 17:00:00,+08:00,Huhehaote (呼和浩特),1470,40.842299,111.749138,45,9,7,4.1,2.8,45.1,1.9,9,27,,8.7
1955,2022-06-04 17:00:00,+08:00,Baotou (包头),1471,40.657449,109.840347,53,53,30,4.1,2.3,49.6,2.8,24.1,23,99.1,3
1956,2022-06-04 17:00:00,+08:00,Chifeng (赤峰),1472,42.257817,118.886856,39,30,19,7.6,9.6,39.4,5.5,78.9,20.8,0.5,1
1957,2022-06-04 17:00:00,+08:00,Eerduosi (鄂尔多斯),3477,39.608266,109.781327,59,55,59,3.6,6.4,57.1,4.6,24.1,23,99.1,3
1958,2022-06-04 17:00:00,+08:00,"Juying primary school, Wuhai (乌海聚英学校)",7297,39.6719,106.8219,47,17,10,5.1,1,47.2,3.7,9.1,29.8,99,5
1959,2022-06-04 17:00:00,+08:00,"Forestry Bureau, Wuhai (乌海市林业局)",7298,39.6969,106.8089,51,34,18,2.1,1,50.6,1,9.1,29.8,99,5
1960,2022-06-04 17:00:00,+08:00,"zhōnghǎi bó wān xuéxiào, Wuhai (乌海中海勃湾学校)",7299,39.6572,106.7931,50,25,10,3.1,2.3,50,1.9,9.1,29.8,99,5
1961,,+08:00,"Tongliao hotels, Tongliao (通辽通辽宾馆)",7300,43.6267,122.2603,-,,,,,,,68.1,-9.2,,3
1962,2020-02-21 17:00:00,+08:00,"jiāo jiàn lǚ yè, Tongliao (通辽胶建铝业)",7301,43.6156,122.3039,78,78,53,4.1,5.1,32.1,1.9,47.1,-0.6,99.1,2
1963,2022-06-04 17:00:00,+08:00,"Art vocational school, Tongliao (通辽艺术职业学校)",7302,43.6801,122.2532,33,13,28,3.1,6.9,33.3,1.9,91,6.1,,0.5
1964,2022-06-04 17:00:00,+08:00,"District Environmental Protection Bureau, Hulunbuir (呼伦贝尔区环保局)",7303,49.2261,119.7594,74,74,60,2.1,2.3,38.2,4.6,44.1,21,99.2,9
1965,,+08:00,"City Arts School, Hulunbuir (呼伦贝尔市艺校)",7304,49.2014,119.7283,-,,,,,,,76,-21.6,99,2
1966,2021-01-01 02:00:00,+08:00,"qiū lín yǎngzhí jīdì, Bayannur (巴彦淖尔秋林养殖基地)",7305,40.916,107.5936,81,80,81,2.6,2.3,27.7,5.5,51,-8.9,,4
1967,2021-01-01 02:00:00,+08:00,"fùzhōng, Bayannur (巴彦淖尔附中)",7306,40.7608,107.4211,91,63,91,2.6,2.8,31.3,4.6,51,-8.9,,4
1968,2022-06-04 17:00:00,+08:00,"City Environmental Building, Bayannur (巴彦淖尔市环保大楼)",7307,40.7378,107.3715,63,63,45,3.1,2.8,60.4,3.7,21,26.5,0.6,2
1969,2022-06-04 17:00:00,+08:00,"Jining District, Ulanqab (乌兰察布集宁新区)",7308,40.9923,113.1306,53,53,20,3.1,1,43.9,1.9,15.1,23.6,99.4,8
1970,,+08:00,"jí níng jiù qū xī, Ulanqab (乌兰察布集宁旧区西)",7309,41.038,113.0974,-,,,,,,,47.9,-7,,2
1971,,+08:00,"méng jiāncè zhàn, Hinggan Meng (兴安盟盟监测站)",7310,46.0872,122.062,-,,,,,,,94,4.4,,0.2
1972,2022-06-04 17:00:00,+08:00,"shèng huáxīn zhìyào chǎng, Hinggan Meng (兴安盟胜华新制药厂)",7311,46.0703,122.0506,53,53,47,1.6,6.9,28.1,1.9,83,11.6,,0.5
1973,2022-06-04 17:00:00,+08:00,"Keyouqianqi EPA, Hinggan Meng (兴安盟科右前旗环保局)",7312,46.0756,121.9462,61,61,29,2.1,8.7,28.1,3.7,83,11.6,,0.5
1974,2022-06-04 17:00:00,+08:00,"Municipal Environmental Monitoring Station, Xilin Gol Meng (锡林郭勒盟市环保监测站)",7313,43.9317,116.1042,39,17,20,5.6,2.3,39,3.7,56,20.8,99.8,3
1975,2022-06-04 17:00:00,+08:00,"City government, Xilin Gol Meng (锡林郭勒盟市政府)",7314,43.9311,116.0781,40,17,21,4.1,3.2,40.3,4.6,56,20.8,99.8,3
1976,2021-01-01 02:00:00,+08:00,"Stadium, Alxa Meng (阿拉善盟体育场)",7315,38.8343,105.6775,89,89,54,4.1,6.4,29.7,5.5,53,-12.9,,2
1977,2021-01-01 02:00:00,+08:00,"Environmental Building Alliance, Alxa Meng (阿拉善盟盟环保楼)",7316,38.843,105.6975,142,142,51,5.1,10.6,22,8.2,53,-12.9,,2
1978,2022-06-04 17:00:00,+08:00,"EPA New Building, Alxa Meng (阿拉善盟环保局新楼)",7317,38.8516,105.724,59,59,24,3.1,2.3,49.6,1,22,28.1,99.2,2
1979,2022-06-04 17:00:00,+08:00,"光明街小学, Ulanqab (乌兰察布光明街小学)",9890,41.0385,113.1076,68,68,19,5.1,1.9,43.1,1,15.1,23.6,99.4,8
1980,2022-06-04 17:00:00,+08:00,"北滨河, Hinggan Meng (兴安盟北滨河)",9891,46.0707,122.0931,63,63,34,2.1,5.1,28.5,1.9,83,11.6,,0.5
1981,2022-06-04 17:00:00,+08:00,"国华电力东, Hulunbuir (呼伦贝尔国华电力东)",9892,49.1577,119.7512,63,63,28,1.1,2.3,41.5,2.8,44.1,21,99.2,9
1982,2021-03-31 05:00:00,+08:00,"Gushan, Fuzhou (福州鼓山)",941,26.072105,119.352919,35,122,47,1.1,4.2,35,4.8,93,17,,0.5
1983,,+08:00,"Kuaian, Fuzhou (福州快安)",942,26.028202,119.418528,-,,,,,,,54,13,,7.7
1984,2022-06-04 17:00:00,+08:00,"Normal Univertsity, Fuzhou (福州师大)",943,26.038712,119.309506,53,53,31,1.1,8.3,,2.8,88,27,,5.6
1985,2022-06-04 17:00:00,+08:00,"Wusi North Road, Fuzhou (福州五四北路)",944,26.0867964,119.3081791,55,55,30,1.1,7.4,,3.7,88,27,,5.6
1986,2022-06-04 17:00:00,+08:00,"Yangqiao West  Road, Fuzhou (福州杨桥西路)",945,26.076795,119.2662176,59,59,37,1.1,9.6,,3.7,88,27,,5.6
1987,2022-06-04 17:00:00,+08:00,"Ziyang, Fuzhou (福州紫阳)",946,26.076788,119.324574,55,55,31,2.1,7.4,,2.8,88,27,,5.6
1988,2021-04-11 07:00:00,+08:00,"Xidong, Xiamen (厦门溪东)",1300,24.818055556,118.15694444,53,53,24,1.1,6,78,3.6,63,19,,0.5
1989,2022-06-04 17:00:00,+08:00,"Hongwen, Xiamen (厦门洪文)",1301,24.476666667,118.15138889,38,38,26,1.6,6,22.4,4.6,79,30,,4.6
1990,2022-06-04 17:00:00,+08:00,"Gulangyu, Xiamen (厦门鼓浪屿)",1302,24.445833333,118.06361111,50,50,23,0.6,3.2,26,2.8,79,30,,4.6
1991,,+0800,"Huli, Xiamen",1303,,,-,,,,,,,57,25,,1.8
1992,2021-04-11 07:00:00,+08:00,"Qingyuan Montain, Quanzhou (泉州清源山)",3421,24.9617,118.6108,53,53,20,2.1,4.2,61,4.9,63,19,,0.5
1993,2022-06-04 17:00:00,+08:00,"Jīntóu bù, Quanzhou (泉州津头埔)",3423,24.8978,118.5972,36,34,36,1.6,7.4,21.6,2.8,79,30,,4.6
1994,2022-06-04 17:00:00,+08:00,"Wanan, Quanzhou (泉州万安)",3424,24.9424,118.6663,50,50,25,2.1,5.5,22.8,3.7,79,30,,4.6
1995,2022-06-04 17:00:00,+08:00,Fuzhou (福州),1500,26.074508,119.296494,55,55,30,1.1,7.4,35,3.7,88,27,,5.6
1996,2022-06-04 17:00:00,+08:00,Xiamen (厦门),1501,24.479834,118.089425,50,50,23,0.6,3.2,26,2.8,79,30,,4.6
1997,2022-06-04 17:00:00,+08:00,Quanzhou (泉州),1502,24.874699,118.675464,50,50,36,4.1,7.4,25.2,2.8,79,30,,4.6
1998,2022-06-04 17:00:00,+08:00,"Lì chéngqū cāng hòu lù, Putian (莆田荔城区仓后路)",7157,25.442,119.0156,46,46,32,2.6,5.5,24.8,4.6,88,27,,5.6
1999,2022-06-04 17:00:00,+08:00,"Putian City Stations, Putian (莆田莆田市监测站)",7158,25.4552,119.0018,46,46,21,2.1,4.2,24.4,6.4,88,27,,5.6
2000,2022-06-04 17:00:00,+08:00,"hán jiāng qū liù zhōng, Putian (莆田涵江区六中)",7159,25.4556,119.1117,63,63,30,2.1,5.1,22,4.6,88,27,,5.6
2001,2022-06-04 17:00:00,+08:00,"xiù yǔ qū zhèngfǔ, Putian (莆田秀屿区政府)",7160,25.3214,119.1015,50,50,23,3.6,5.1,19.5,5.5,88,27,,5.6
2002,2021-04-11 07:00:00,+08:00,"Dongzhen Reservoir, Putian (莆田东圳水库)",7161,25.4792,118.981,59,59,15,1.6,5.1,48.8,2.6,87,16,,1.5
2003,2022-06-04 17:00:00,+08:00,"sān gāng, Sanming (三明三钢)",7162,26.2625,117.6211,63,63,22,7.1,5.5,27.7,10,63,31.5,99.4,2
2004,2022-06-04 17:00:00,+08:00,"sānmíng èr zhōng, Sanming (三明三明二中)",7163,26.2708,117.6353,38,38,19,2.6,3.7,28.1,4.6,63,31.5,99.4,2
2005,2022-06-04 17:00:00,+08:00,"Sanyuan District Government, Sanming (三明三元区政府)",7164,26.2378,117.6028,46,46,24,3.1,5.1,26,5.5,63,31.5,99.4,2
2006,2021-04-11 07:00:00,+08:00,"Yangxi, Sanming (三明洋溪)",7165,26.3108,117.7275,109,109,51,12.2,13.3,59.7,5,77.1,15.7,99,1
2007,2016-05-31 22:00:00,+0800,"lántián, Zhangzhou",7166,117.7206,24.5086,-,132,17,3.1,12.8,22,2.5,75,31,,3.1
2008,,+08:00,"No3 middle school, Zhangzhou (漳州漳州三中)",7167,24.5157,117.6569,-,,,,,,,69,11.9,0.2,2
2009,2021-04-11 07:00:00,+08:00,"Dajiuhu, Zhangzhou (漳州九湖)",7168,24.4674,117.6336,109,109,58,3.1,22.9,70.1,4.3,63,19,,0.5
2010,2021-04-11 07:00:00,+08:00,"Mangdangshan, Nanping (南平茫荡山)",7169,26.6761,118.0966,48,21,9,1.6,1.4,48,2.6,68.2,16.7,99.2,1
2011,2022-06-04 17:00:00,+08:00,"Nanping City Stations, Nanping (南平南平市监测站)",7170,26.6383,118.1694,38,38,11,4.6,2.8,19.5,5.5,72.2,28.4,99.1,3
2012,2022-06-04 17:00:00,+08:00,"Nanping Aluminum Co., Ltd., Nanping (南平南平铝业有限公司)",7171,26.6514,118.1819,46,46,11,4.6,2.3,21.2,5.5,72.2,28.4,99.1,3
2013,2022-06-04 17:00:00,+08:00,"nánpíng qī zhōng, Nanping (南平南平七中)",7172,26.6272,118.1756,34,34,10,1.6,2.3,19.5,4.6,72.2,28.4,99.1,3
2014,2021-04-11 07:00:00,+08:00,"lóngyán shī zhuān, Longyan (龙岩龙岩师专)",7173,25.1174,117.0181,104,104,41,12.2,11.9,62.3,5.7,65.9,16.5,99.4,2
2015,2022-06-04 17:00:00,+08:00,"Longyan City Stations, Longyan (龙岩龙岩市监测站)",7174,25.1035,117.0216,34,34,18,2.6,4.6,19.1,4.6,82.9,28.5,99.7,3
2016,2022-06-04 17:00:00,+08:00,"Minxi Vocational and Technical College, Longyan (龙岩闽西职业技术学院)",7175,25.0661,117.0256,30,30,18,2.1,2.8,20.8,3.7,82.9,28.5,99.7,3
2017,2022-06-04 17:00:00,+08:00,"lóngyán xuéyuàn, Longyan (龙岩龙岩学院)",7176,25.0311,117.0151,20,17,16,2.1,1.4,19.9,1.9,82.9,28.5,99.7,3
2018,2021-04-11 07:00:00,+08:00,"jīn hán shuǐkù, Ningde (宁德金涵水库)",7177,26.6946,119.5001,76,76,50,2.1,11.9,60.4,4.8,87,16,,1.5
2019,,+08:00,"Jiaocheng Agricultural Bureau, Ningde (宁德蕉城区农机局)",7178,26.6607,119.5202,-,,,,,,,67.2,10,99,2
2020,2022-06-04 17:00:00,+08:00,"Ningde Stations, Ningde (宁德宁德市监测站)",7179,26.6611,119.5392,55,55,35,3.6,6.9,31.3,7.3,88,27,,5.6
2021,2022-06-04 17:00:00,+08:00,Putian (莆田),7887,25.454085,119.007777,46,46,32,2.6,5.5,24.8,6.4,88,27,,5.6
2022,2022-06-04 17:00:00,+08:00,Sanming (三明),7888,26.263407,117.638678,63,63,22,7.1,5.5,27.7,10,63,31.5,99.4,2
2023,2021-04-11 07:00:00,+08:00,Zhangzhou (漳州),7889,24.512949,117.647481,109,109,58,3.1,22.9,70.1,4.3,63,19,0.2,0.5
2024,2022-06-04 17:00:00,+08:00,Nanping (南平),7890,26.641769,118.177708,34,34,10,1.6,2.3,19.5,4.6,72.2,28.4,99.1,3
2025,2022-06-04 17:00:00,+08:00,Longyan (龙岩),7891,25.075123,117.017537,30,30,18,2.1,2.8,20.8,4.6,82.9,28.5,99.7,3
2026,2022-06-04 17:00:00,+08:00,Ningde (宁德),7892,26.665617,119.547933,55,55,35,3.6,6.9,31.3,7.3,88,27,99,5.6
2027,2021-01-01 00:00:00,+08:00,"City Environmental Monitoring Station, Xining (西宁市环境监测站)",7562,36.6428,101.748,139,139,66,16.3,16,15.5,21.7,50,-9.4,,6
2028,,+08:00,"Provincial Pharmaceutical Warehouse, Xining (西宁省医药仓库)",7563,36.6922,101.749,-,,,,,,,73.2,-9.9,,1
2029,2021-01-01 01:00:00,+08:00,"Silu hospital, Xining (西宁四陆医院)",7564,36.5819,101.834,153,153,54,9.7,8.7,11,27.2,50,-9.4,,6
2030,2021-01-01 01:00:00,+08:00,"No.5 Water Plant, Xining (西宁第五水厂)",7565,36.6867,101.524,82,82,53,10.7,22,11,18.1,50,-9.4,,6
2031,2021-01-01 00:00:00,+08:00,"City Environmental Monitoring Station, Xining (西宁市环境监测站)",7562,36.6428,101.748,139,139,66,16.3,16,15.5,21.7,50,-9.4,,6
2032,,+08:00,"Provincial Pharmaceutical Warehouse, Xining (西宁省医药仓库)",7563,36.6922,101.749,-,,,,,,,73.2,-9.9,,1
2033,2021-01-01 01:00:00,+08:00,"Silu hospital, Xining (西宁四陆医院)",7564,36.5819,101.834,153,153,54,9.7,8.7,11,27.2,50,-9.4,,6
2034,2021-01-01 01:00:00,+08:00,"No.5 Water Plant, Xining (西宁第五水厂)",7565,36.6867,101.524,82,82,53,10.7,22,11,18.1,50,-9.4,,6
2035,2017-09-21 10:00:00,+08:00,"Pingan, Haidong",7566,36.4997,102.1086,-,68,40,15.8,13.3,14.3,11.8,,,,
2036,2021-01-01 02:00:00,+08:00,"hǎiyàn, xīhǎi, Haibei (海北州海晏县西海镇)",7567,36.9639,100.9048,59,59,26,6.1,3.2,27.7,3.7,35.1,-18.2,,2
2037,2021-01-01 02:00:00,+08:00,"tóngrén, lóngwù, Huangnan (黄南州同仁县隆务镇)",7568,35.5102,102.0199,63,63,39,1.6,1.4,30.1,1,33.2,-12.7,,2
2038,2021-01-01 02:00:00,+08:00,"mǎqìn, dàwǔ, Golog (果洛州玛沁县大武镇)",7569,34.4714,100.2561,89,89,32,6.1,7.8,10.2,4.6,38.2,-16.3,,2
2039,2021-01-01 01:00:00,+08:00,"yùshù, jiégǔ, Yushu (玉树州玉树县结古镇)",7570,33.0014,97.0,57,57,31,10.7,11,9.8,8.2,29.1,-12.2,,1
2040,2021-01-01 02:00:00,+08:00,"Delingha, Haixi (海西州德令哈市)",7571,37.3753,97.3731,57,57,28,8.2,6.9,26.4,3.7,47.2,-14.5,,1
2041,2022-06-04 17:00:00,+08:00,"城北区政府, Xining (西宁城北区政府)",9893,36.6428,101.7775,41,5,1,6.1,4.6,41.1,3.7,54,16.1,99.1,2
2042,2021-12-31 17:00:00,+08:00,"平安高铁新区, Haidong (海东地区平安高铁新区)",9894,36.5067,102.0306,147,147,60,16.8,11,27.3,12.7,41,19.5,0.1,2
2043,2022-06-04 17:00:00,+08:00,"Jiancaoping, Taiyuan (太原尖草坪)",1238,37.8873,112.522,124,124,77,5.1,7.8,69.5,6.4,25,31,,4.6
2044,2016-01-24 19:00:00,+0800,"Jianhe, Taiyuan",1239,37.9103,112.573,-,-,-,-,-,-,-,-,-,,-
2045,2022-06-04 17:00:00,+08:00,"Shanglan, Taiyuan (太原上兰)",1240,38.0108,112.434,192,192,53,2.6,4.6,66.2,3,25,31,,4.6
2046,2022-06-04 17:00:00,+08:00,"Jinyuan, Taiyuan (太原晋源)",1241,37.7124,112.469,114,114,75,4.6,5.5,79.3,3.7,25,31,,4.6
2047,2022-06-04 17:00:00,+08:00,"Xiaodian, Taiyuan (太原小店)",1242,37.7394,112.5583,124,124,65,2.6,5.5,78.6,3.7,25,31,,4.6
2048,2022-06-04 17:00:00,+08:00,"Taoyuan, Taiyuan (太原桃园)",1243,37.8692,112.5369,114,114,74,2.1,4.6,74.7,3.7,25,31,,4.6
2049,2022-06-04 17:00:00,+08:00,"Wucheng, Taiyuan (太原坞城)",1244,37.8195,112.57,109,109,68,2.1,6,74.7,1,25,31,,4.6
2050,2022-06-04 17:00:00,+08:00,"Nanzhai, Taiyuan (太原南寨)",1245,37.9854,112.549,109,109,86,4.1,5.1,69.5,3.7,25,31,,4.6
2051,2022-06-04 17:00:00,+08:00,"Jinsheng, Taiyuan (太原金胜)",1246,37.7805,112.488,117,117,76,4.1,4.6,85.1,2.8,25,31,,4.6
2052,2022-06-04 17:00:00,+08:00,"Monitoring station, Changzhi (长治监测站)",3434,36.1939,113.0972,102,102,53,5.1,4.2,91,6.4,42.1,27.2,,2
2053,2022-06-04 17:00:00,+08:00,"Auditing bureau, Changzhi (长治审计局)",3435,36.2126,113.0886,102,102,47,4.1,6.4,92.3,8.2,42.1,27.2,,2
2054,2016-07-15 16:00:00,+0800,"Àoruìtè, Changzhi",3436,36.1961,113.1466,-,34,11,3.6,2.3,,7.1,96,17,,3.1
2055,2022-06-04 17:00:00,+08:00,"Qinghua station, Changzhi (长治清华站)",3437,36.1542,113.1097,102,102,52,4.6,7.4,86.4,6.4,70,23.8,0.2,2
2056,2016-06-01 10:00:00,+0800,"Hóngqí square, Datong",3438,40.0958,113.2858,-,151,82,8.7,14.7,36,13,,,,1.8
2057,2022-06-04 17:00:00,+08:00,"Yungang Hotel, Datong (大同云冈宾馆)",3439,40.0758,113.2994,51,38,30,3.1,4.6,50.6,3.7,30,27.4,99.2,5
2058,2022-06-04 17:00:00,+08:00,"Ānjiāxiǎo village, Datong (大同安家小村)",3440,40.1269,113.2661,58,21,40,3.6,3.2,57.8,2.8,30,27.4,99.2,5
2059,2020-12-25 14:00:00,+08:00,"Guǒshù farm, Datong (大同果树场)",3441,40.1097,113.3819,87,87,58,11.2,9.6,24.4,6.9,26,1.7,,3
2060,2022-06-04 17:00:00,+08:00,"Dàtóng university, Datong (大同大同大学)",3442,40.0917,113.3444,52,38,51,3.6,3.2,51.9,2.8,30,27.4,99.2,5
2061,2022-06-04 17:00:00,+08:00,"college of education, Datong (大同教育学院)",3443,40.0844,113.2711,50,42,42,3.6,5.5,50,2.8,30,27.4,99.2,5
2062,2022-06-04 17:00:00,+08:00,"Technical Schools, Linfen (临汾技工学校)",3444,36.0714,111.5028,80,80,34,6.1,8.3,46.8,6.4,56,26.5,,
2063,2022-06-04 17:00:00,+08:00,"Municipal party committee, Linfen (临汾市委)",3445,36.0875,111.5025,76,76,32,4.1,6.4,54.5,7.3,56,26.5,,
2064,,+08:00,"City Monitoring Station, Linfen (临汾市监测站)",3446,36.0978,111.5125,-,,,,,,,,,,
2065,2022-06-04 17:00:00,+08:00,"Língāng hospital, Linfen (临汾临钢医院)",3447,36.0783,111.5531,61,61,34,4.1,7.8,49.6,9.1,56,26.5,,
2066,2021-01-02 10:00:00,+08:00,"Gōngshāng college, Linfen (临汾工商学校)",3448,36.0822,111.5169,183,183,125,33.5,25.2,3.7,22.1,56,26.5,,
2067,,+08:00,"South Airport, Linfen (临汾南机场)",3449,36.0417,111.4917,-,,,,,,,,,,
2068,2022-06-04 17:00:00,+08:00,"Sài yú, Yangquan (阳泉赛鱼)",3466,37.8792,113.4922,102,102,67,3.1,5.5,59.7,3.7,25,31,,4.6
2069,2021-01-01 01:00:00,+08:00,"Bái yáng shù, Yangquan (阳泉白羊墅)",3468,37.8531,113.6292,95,95,57,26.9,18.8,10.2,8.2,46,-14,,0.5
2070,2022-06-04 17:00:00,+08:00,"Nánzhuāng, Yangquan (阳泉南庄)",3469,37.8561,113.5922,97,97,76,2.6,4.6,62.3,4.6,25,31,,4.6
2071,2022-06-04 17:00:00,+08:00,"Píngtǎn, Yangquan (阳泉平坦)",3470,37.8694,113.5689,100,91,100,3.1,6.4,57.8,2.8,25,31,,4.6
2072,2022-06-04 17:00:00,+08:00,"Dà yángquán, Yangquan (阳泉大阳泉)",3471,37.85,113.5158,119,119,69,4.1,3.7,56.5,3.7,25,31,,4.6
2073,2022-06-04 17:00:00,+08:00,"City center, Yangquan (阳泉市中心)",3472,37.8564,113.5753,91,80,91,3.6,3.2,59.1,2.8,25,31,,4.6
2074,2022-06-04 17:00:00,+08:00,"No.8 middle school, Changzhi (长治长治八中)",3515,36.1855,113.0844444,86,68,53,4.6,5.5,86.4,4.6,42.1,27.2,,2
2075,2022-06-04 17:00:00,+08:00,"Water Company, Jincheng (晋城自来水公司)",3516,35.5051,112.85,91,91,39,2.1,8.7,42.3,6.4,70,23.8,0.2,2
2076,2022-06-04 17:00:00,+08:00,"Baiyun shopping mall, Jincheng (晋城白云商贸)",3517,35.4934,112.835,76,76,40,2.1,7.4,44.3,5.5,70,23.8,0.2,2
2077,2022-06-04 17:00:00,+08:00,"City EPA, Jincheng (晋城市环保局)",3518,35.4883,112.8564,102,102,54,3.6,6.4,43.9,6.4,70,23.8,0.2,2
2078,2022-06-04 17:00:00,+08:00,"Institute of Technology, Jincheng (晋城技术学院)",3519,35.4894,112.8664,76,76,43,1.6,7.4,45.5,5.5,70,23.8,0.2,2
2079,2022-06-04 17:00:00,+08:00,"No.1 middle school, Jincheng (晋城泽州一中)",3520,35.4813,112.8252,87,87,40,1.6,7.4,45.9,5.5,70,23.8,0.2,2
2080,2016-01-06 16:00:00,+0800,"Pingshuo, Shuozhou",3521,39.5166917,112.3048622,-,82,55,20.8,8.3,,4.3,12,-4,,4.9
2081,2022-06-04 17:00:00,+08:00,"District Government, Shuozhou (朔州区政府)",3523,39.3179,112.4254,62,50,62,4.6,4.2,61.7,4.6,27,29.7,99.1,4
2082,2022-06-04 17:00:00,+08:00,"City EPA, Shuozhou (朔州市环保局)",3524,39.3265,112.4078,61,55,61,2.1,4.2,59.7,3.7,27,29.7,99.1,4
2083,2022-06-04 17:00:00,+08:00,"No.2 middle school, Shuozhou (朔州市二中)",3525,39.3673,112.4279,63,63,55,3.1,3.2,54.5,2.8,27,29.7,99.1,4
2084,2022-06-04 17:00:00,+08:00,"Jinlun compound, Jinzhong (晋中锦纶小区)",3526,37.7019,112.7549,107,107,69,3.1,4.6,78,2.8,25,30.5,,4.6
2085,2016-04-12 13:00:00,+0800,"Hydraulic Component Factory, Jinzhong",3527,37.790269,112.605406,-,161,91,14.2,18.3,,13.9,,,,1.8
2086,2022-06-04 17:00:00,+08:00,"Nandu compound, Jinzhong (晋中南都小区)",3528,37.7111,112.7306,153,153,72,2.1,4.6,74.7,2.8,25,30.5,,4.6
2087,2022-06-04 17:00:00,+08:00,"Yuci district government, Jinzhong (晋中榆次区政府)",3529,37.7087,112.7105,122,122,74,2.1,5.5,68.2,3.7,25,30.5,,4.6
2088,2022-06-04 17:00:00,+08:00,"Yuncheng Middle School, Yuncheng (运城运城中学)",3530,35.0147,110.9956,68,68,24,2.6,3.7,30.1,3.7,92.8,19.9,0.4,5
2089,2020-12-17 11:00:00,+08:00,"Yudou BDA, Yuncheng (运城禹都开发区)",3531,35.0611,111.0233,188,188,122,13.7,24.3,6.1,28.1,43.1,0.1,,1
2090,2015-06-19 10:00:00,+0800,"Yuncheng college, Yuncheng",3532,,,-,190,95,2.1,9.2,44,12.3,26,33,,1.8
2091,2022-06-04 17:00:00,+08:00,"Regional Technical School, Yuncheng (运城地区技校)",3533,35.0308,110.9678,57,57,22,1.6,3.2,28.1,4.6,92.8,19.9,0.4,5
2092,2022-06-04 17:00:00,+08:00,"Airport new district, Yuncheng (运城空港新区)",3534,35.1147,111.0414,63,63,27,2.6,3.7,28.9,3.7,92.8,19.9,0.4,5
2093,,+08:00,"Jiyin, Xinzhou (忻州机引)",3535,38.4186,112.7356,-,,,,,,,25,9,,3.6
2094,2022-06-04 17:00:00,+08:00,"BDA, Xinzhou (忻州开发区)",3536,38.4519,112.7383,89,89,75,5.1,4.6,60.4,1.9,25,31,,4.6
2095,2022-06-04 17:00:00,+08:00,"Convention Center, Xinzhou (忻州会展中心)",3537,38.4928,112.7003,93,93,78,3.6,3.7,48,2.8,25,31,,4.6
2096,2019-03-30 17:00:00,+08:00,"City EPA, Luliang (吕梁市环保局)",3538,37.2808329,111.7806512,42,13,37,2.1,2.8,41.5,2.4,,,,4.6
2097,2016-07-15 16:00:00,+0800,"Soybean factory, Luliang",3539,37.5333,111.1283,-,129,10,11.2,12.8,,19.7,61,21,,1.8
2098,2022-06-04 17:00:00,+08:00,"Water Company, Luliang (吕梁自来水公司)",3540,37.5136,111.1297,64,61,64,4.1,5.5,50,1,42,26.9,99.1,1
2099,2022-06-04 17:00:00,+08:00,"City government, Sanmenxia (三门峡市政府)",4311,34.7772,111.1928,42,42,18,4.1,7.4,27.3,3.7,92.8,19.9,0.4,5
2100,,+08:00,"Fēngjǐng district, Sanmenxia (三门峡风景区)",4312,34.7997,111.1489,-,,,,,,,92.8,19.9,0.4,5
2101,,+08:00,"No.2 Printing Factory, Sanmenxia (三门峡二印)",4313,34.7917,111.1858,-,,,,,,,67,25.8,99.5,1
2102,2022-06-04 17:00:00,+08:00,"BDA, Sanmenxia (三门峡开发区)",4314,34.794,111.158,50,50,27,1.6,2.3,13.9,1,92.8,19.9,0.4,5
2103,2022-06-04 17:00:00,+08:00,Taiyuan (太原),1465,37.87059,112.548879,114,114,74,2.1,4.6,74.7,3.7,25,31,,4.6
2104,2022-06-04 17:00:00,+08:00,Datong (大同),1466,40.076816,113.300126,58,42,51,3.6,5.5,57.8,3.7,30,27.4,99.2,5
2105,2022-06-04 17:00:00,+08:00,Yangquan (阳泉),1467,37.856972,113.580519,119,119,100,4.1,6.4,62.3,4.6,25,31,,4.6
2106,2022-06-04 17:00:00,+08:00,Changzhi (长治),1468,36.195386,113.116255,114,114,54,5.1,9.2,92.3,10,70,27.2,0.2,2
2107,2022-06-04 17:00:00,+08:00,Linfen (临汾),1469,36.088067,111.51888,80,80,34,6.1,8.3,54.5,9.1,56,26.5,,
2108,2022-06-04 17:00:00,+08:00,Sanmenxia (三门峡),1528,34.772494,111.200135,50,50,27,4.1,7.4,27.3,3.7,92.8,19.9,0.4,5
2109,2022-06-04 17:00:00,+08:00,Jincheng (晋城),3541,35.490702,112.851831,102,102,54,3.6,8.7,45.9,6.4,70,23.8,0.2,2
2110,2022-06-04 17:00:00,+08:00,Shuozhou (朔州),3542,39.331595,112.432825,63,63,62,3.1,4.2,61.7,2.8,27,29.7,99.1,4
2111,2022-06-04 17:00:00,+08:00,Jinzhong (晋中),3543,37.687024,112.752695,153,153,74,2.1,5.5,78,3.7,25,31,,4.6
2112,2022-06-04 17:00:00,+08:00,Yuncheng (运城),3544,35.026412,111.007529,68,68,27,2.6,3.7,30.1,4.6,92.8,19.9,0.4,5
2113,2022-06-04 17:00:00,+08:00,Xinzhou (忻州),3545,38.416663,112.734174,93,93,78,5.1,4.6,60.4,3,25,31,,4.6
2114,2022-06-04 17:00:00,+08:00,Luliang (吕梁),3546,37.518314,111.144319,64,61,64,4.1,5.5,50,1,42,26.9,99.1,1
2115,2022-06-04 17:00:00,+08:00,"Food Factory, Changchun (长春食品厂)",1268,43.9167,125.323,65,65,24,2.6,7.4,32.9,4.6,88,17,,3.6
2116,2022-06-04 17:00:00,+08:00,"Bus Factory, Changchun (长春客车厂)",1269,43.91,125.287,55,55,23,2.6,6.9,33.8,4.6,88,17,,3.6
2117,2022-06-04 17:00:00,+08:00,"Institute of Posts and Telecommunications, Changchun (长春邮电学院)",1270,43.84,125.2786,57,57,34,0.6,6.4,32.1,5.5,88,17,,3.6
2118,2022-06-04 17:00:00,+08:00,"Laodong Park, Changchun (长春劳动公园)",1271,43.8748,125.3649,65,65,30,1.1,7.4,31.7,4.6,88,17,,3.6
2119,2022-06-04 17:00:00,+08:00,"Forest area, Changchun (长春园林处)",1272,43.8694,125.325,55,55,15,2.1,7.8,32.1,6.4,88,17,,3.6
2120,2022-06-04 17:00:00,+08:00,"Jinyuetan, Changchun (长春净月潭)",1273,43.7878,125.454,53,53,20,1.6,2.3,28.9,3.7,88,17,,3.6
2121,2021-01-01 01:00:00,+08:00,"Shuaiwanzi, Changchun (长春甩湾子)",1274,43.55,125.633,46,46,45,2.1,6.4,20.8,3.7,76,-24,,0.5
2122,2022-06-04 17:00:00,+08:00,"Economic Development Zone Sanitation Department, Changchun (长春经开区环卫处)",1275,43.8667,125.417,57,57,14,2.6,6,29.7,3.7,88,17,,3.6
2123,2022-06-04 17:00:00,+08:00,"High-tech Zone Administrative Committee, Changchun (长春高新区管委会)",1276,43.8167,125.25,63,63,22,2.6,6.9,28.1,4.6,88,17,,3.6
2124,2022-06-04 17:00:00,+08:00,"Daishan Park, Changchun (长春岱山公园)",1277,43.85,125.217,55,55,14,2.6,8.7,26.4,4.6,88,17,,3.6
2125,2022-06-04 17:00:00,+08:00,"Hadawan, Jilin (吉林哈达湾)",4305,43.8875,126.555,23,13,7,1.6,2.8,23.2,4.6,88,17,,3.6
2126,2021-01-01 01:00:00,+08:00,"Fengman, Jilin (吉林丰满)",4306,43.7256,126.6772,70,70,23,5.6,3.2,24.4,2.8,76,-24,,0.5
2127,2022-06-04 17:00:00,+08:00,"Electric Power College, Jilin (吉林电力学院)",4308,43.8228,126.4978,20,17,11,4.1,5.1,20.4,1.9,88,17,,3.6
2128,2022-06-04 17:00:00,+08:00,"Jiangnan Park, Jilin (吉林江南公园)",4309,43.8256,126.55,21,21,7,2.1,3.7,19.9,6.4,88,17,,3.6
2129,2022-06-04 17:00:00,+08:00,"Dongjuzi, Jilin (吉林东局子)",4310,43.8358,126.5844,24,13,10,2.1,2.8,23.6,5.5,88,17,,3.6
2130,2022-06-04 17:00:00,+08:00,"Jiangbei, Jilin (吉林江北)",4437,43.8947,126.5786,38,38,15,3.6,4.6,19.5,6.4,88,17,,3.6
2131,,+08:00,"Agricultural Science Academy , Jilin (吉林农科院)",4438,43.95,126.4667,-,,,,,,,,,,2.5
2132,2022-06-04 17:00:00,+08:00,Changchun (长春),1479,43.816964,125.323471,57,57,34,1.1,6.4,32.1,5.5,88,17,,3.6
2133,2022-06-04 17:00:00,+08:00,Jilin (吉林),1480,43.837883,126.549572,38,38,15,3.6,5.5,23.6,6.4,88,17,,3.6
2134,2020-04-14 13:00:00,+08:00,"Monitoring station, Siping (四平监测站)",7281,43.1747,124.3419,-,170,115,10.2,9.6,54.5,7.3,22.2,17.9,,3
2135,2022-06-04 17:00:00,+08:00,"Yī shāngchǎng, Siping (四平一商场)",7282,43.1594,124.3711,53,53,21,3.6,7.4,33.8,3.7,95.1,17.9,1.2,5
2136,2022-06-04 17:00:00,+08:00,"jìng yuán, Siping (四平境园)",7283,43.1847,124.3897,38,38,19,2.1,5.1,29.7,2.8,95.1,17.9,1.2,5
2137,2022-06-04 17:00:00,+08:00,"Environment protection office, Liaoyuan (辽源环保局)",7284,42.8947,125.1358,63,63,28,4.6,4.2,31.3,3.7,95.1,17.9,1.2,5
2138,,+08:00,"Sewage treatment plant, Liaoyuan (辽源污水处理厂)",7285,42.8953,125.1567,-,,,,,,,61.2,-9.1,,3
2139,2022-06-04 17:00:00,+08:00,"guāngmíng, Tonghua (通化光明)",7286,41.7156,125.9361,50,50,20,4.6,7.4,17.5,7.3,69.9,21.1,99.3,2
2140,2022-06-04 17:00:00,+08:00,"Railway, Tonghua (通化铁路)",7287,41.7381,125.9486,59,59,17,3.6,6,16.3,7.3,69.9,21.1,99.3,2
2141,2022-06-04 17:00:00,+08:00,"xǐ fēng, Baishan (白山喜丰)",7288,41.9206,126.4047,50,50,40,7.1,11.5,22.4,6.4,100,15.7,3.6,1
2142,2022-06-04 17:00:00,+08:00,"Environment protection office, Baishan (白山环保局)",7289,41.9419,126.4078,53,53,25,5.6,8.3,26.9,6.4,100,15.7,3.6,1
2143,2022-06-04 17:00:00,+08:00,"jiāngnán, Songyuan (松原江南)",7290,45.0878,124.8292,25,25,10,1.1,6,22.8,3.7,98.7,15.3,0.6,5
2144,2022-06-04 17:00:00,+08:00,"Jiangbei, Songyuan (松原江北)",7291,45.1642,124.8528,21,9,6,0.6,6.4,21.2,4.6,98.7,15.3,0.6,5
2145,2022-06-04 17:00:00,+08:00,"EPA Taobei, Baicheng (白城洮北区环保局)",7292,45.6289,122.8444,50,50,23,2.6,5.1,23.2,1.9,66,19.3,0.2,4
2146,2022-06-04 17:00:00,+08:00,"City EPA, Baicheng (白城市环保局)",7293,45.6175,122.8211,78,78,28,2.6,6.4,20.4,3.7,66,19.3,0.2,4
2147,2020-10-28 11:00:00,+08:00,"Women and Children's Hospital, Yanbian (延边妇幼医院)",7294,,,50,50,50,3.6,4.2,39.4,3.5,,,,
2148,2020-10-28 11:00:00,+08:00,"Yanbian Hospital, Yanbian (延边延边医院)",7295,,,53,53,39,3.6,3.2,41.1,5.1,,,,
2149,2020-10-28 11:00:00,+08:00,"Chuan Zhen Chaoyang Hospital, Yanbian (延边朝阳川镇医院)",7296,,,31,17,31,2.6,2.3,41.5,3.2,,,,
2150,2022-06-04 17:00:00,+08:00,Siping (四平),7920,43.16642,124.350398,53,53,21,3.6,7.4,33.8,3.7,95.1,17.9,1.2,5
2151,2016-10-12 03:00:00,+08:00,Yanbian (延边州),7921,42.909409,129.471868,-,59,32,2.1,10.1,2.9,9.1,72,1,,1.8
2152,2022-06-04 16:00:00,+08:00,"Lingbei, Haerbin (哈尔滨岭北)",1278,45.755,126.542,41,30,18,5.1,4.6,41.1,4.6,49,22,,5.6
2153,2022-06-04 17:00:00,+08:00,"Songbei Commercial University, Haerbin (哈尔滨松北商大)",1279,45.8167,126.561,35,9,15,2.1,1,35,4.6,68,20,,3.6
2154,2022-06-04 17:00:00,+08:00,"Acheng huining, Haerbin (哈尔滨阿城会宁)",1280,45.5422,126.979,32,13,18,6.1,3.2,32.1,4.6,68,20,,3.6
2155,2022-06-04 17:00:00,+08:00,"Nangang College Street, Haerbin (哈尔滨南岗学府路)",1281,45.7222,126.599,36,17,21,4.1,3.2,35.8,5.5,68,20,,3.6
2156,2022-06-04 17:00:00,+08:00,"Taiping Hongwei Park, Haerbin (哈尔滨太平宏伟公园)",1282,45.7733,126.689,60,50,60,5.1,7.4,31.7,4.6,68,20,,3.6
2157,2022-06-04 17:00:00,+08:00,"Daowai Chengde Square, Haerbin (哈尔滨道外承德广场)",1283,45.7667,126.635,68,68,83,6.1,8.3,36.6,3.7,68,20,,3.6
2158,2022-06-04 17:00:00,+08:00,"Xiangfang Hongqi Street, Haerbin (哈尔滨香坊红旗大街)",1284,45.7319,126.685,42,42,35,2.6,8.7,32.5,4.6,68,20,,3.6
2159,2022-06-04 17:00:00,+08:00,"Dongli Heping Road, Haerbin (哈尔滨动力和平路)",1285,45.7258,126.646,55,55,32,2.6,6,33.3,3.7,68,20,,3.6
2160,2022-06-04 17:00:00,+08:00,"Daoli Jianguo Road, Haerbin (哈尔滨道里建国路)",1286,45.7478,126.593,35,34,21,8.2,5.5,34.6,5.5,68,20,,3.6
2161,2022-06-04 17:00:00,+08:00,"Pingfang Light Factory, Haerbin (哈尔滨平房东轻厂)",1287,45.61,126.615,38,38,30,4.1,3.7,33.3,5.5,68,20,,3.6
2162,2022-06-04 17:00:00,+08:00,"Hulan Normal College, Haerbin (哈尔滨呼兰师专)",1288,45.9819,126.6106,64,55,64,4.6,6.4,31.3,4.6,68,20,,3.6
2163,2022-06-04 17:00:00,+08:00,"Provincial Academy of Agricultural Sciences, Haerbin (哈尔滨省农科院)",1289,45.6842,126.6206,34,34,31,7.1,5.5,34.2,7.3,68,20,,3.6
2164,2022-06-04 17:00:00,+08:00,"Anju Compound, Qiqihaer (齐齐哈尔安居小区)",3631,47.3636,123.9305,47,21,47,2.1,13.8,25.6,4.6,48,21.8,99.2,3
2165,,+0800,"Party School, Qiqihaer",3632,,,-,,,,,,,52,-16,,4
2166,2022-06-04 17:00:00,+08:00,"Farming Vehicule Factory, Qiqihaer (齐齐哈尔农牧车辆厂)",3633,47.3227,123.9483,33,17,29,1.6,6,32.5,2.8,48,21.8,99.2,3
2167,2020-01-01 08:00:00,+08:00,"Fuqu EPA, Qiqihaer (齐齐哈尔富区环保局)",3634,47.203,123.6261,15,89,62,16.3,11.5,14.7,5.9,56.2,-21.6,0.1,
2168,2022-06-04 17:00:00,+08:00,"City Center Square, Qiqihaer (齐齐哈尔中心广场)",3635,47.3386,123.9305,28,21,22,1.6,10.1,28.1,3.7,48,21.8,99.2,3
2169,2022-06-04 17:00:00,+08:00,"City Environmental Monitoring Station, Qiqihaer (齐齐哈尔市环境监测站)",5371,47.2988,123.945,46,46,22,3.1,5.5,33.3,5.5,48,21.8,99.2,3
2170,2022-06-04 17:00:00,+08:00,"Saertu District, Daqing (大庆萨尔图区)",3636,46.5776,125.1386,34,30,26,2.6,3.2,33.8,4.6,43.1,23.8,99.7,8
2171,2022-06-04 17:00:00,+08:00,"Datong District, Daqing (大庆大同区)",3637,46.0347,124.8354,50,50,22,2.1,6.4,25.6,4.6,43.1,23.8,99.7,8
2172,2022-06-04 17:00:00,+08:00,"Honggang District, Daqing (大庆红岗区)",3638,46.3991,124.8847,38,38,25,2.6,2.8,36.6,2.8,43.1,23.8,99.7,8
2173,2022-06-04 17:00:00,+08:00,"Longfeng District, Daqing (大庆龙凤区)",3639,46.528,125.112,38,38,28,1.1,7.4,32.5,3.7,43.1,23.8,99.7,8
2174,2022-06-04 17:00:00,+08:00,"Ranghulu District, Daqing (大庆让胡路区)",3640,46.6219,124.8648,55,55,23,2.6,5.5,30.9,2.8,43.1,23.8,99.7,8
2175,2022-06-04 17:00:00,+08:00,"Locomotive Factory, Mudanjiang (牡丹江机车工厂)",3641,44.6104,129.6459,24,21,13,3.6,3.2,23.6,1.9,57.2,16.4,99.1,1
2176,2022-06-04 17:00:00,+08:00,"No. 1 hospital, Mudanjiang (牡丹江第一医院)",3642,44.5952,129.5902,30,30,8,1.1,3.2,21.2,4.6,57.2,16.4,99.1,1
2177,2021-07-31 05:00:00,+08:00,"Environmental Building, Mudanjiang (牡丹江环保大楼　)",7254,44.561,129.61,22,59,22,2.6,3.7,21.6,4,65,28,99.3,3
2178,2022-06-04 16:00:00,+08:00,"Cultural Square, Mudanjiang (牡丹江文化广场　)",7255,44.5782,129.6115,35,17,11,1.1,4.6,35,2.9,57.2,16.4,99.1,1
2179,2022-06-04 17:00:00,+08:00,Haerbin (哈尔滨),1481,45.803775,126.534967,35,9,15,5.1,4.6,35,4.6,68,20,,3.6
2180,2022-06-04 17:00:00,+08:00,Qiqihaer (齐齐哈尔),1482,47.354348,123.918186,47,46,47,3.1,13.8,33.3,5.5,48,21.8,99.2,3
2181,2022-06-04 17:00:00,+08:00,Daqing (大庆),1483,46.58931,125.103784,55,55,28,2.6,7.4,36.6,3.7,43.1,23.8,99.7,8
2182,2022-06-04 17:00:00,+08:00,Mudanjiang (牡丹江),1484,44.551653,129.633169,30,30,24,3.6,4.6,24.4,4.6,57.2,16.4,99.1,1
2183,2022-06-04 17:00:00,+08:00,Yichun (伊春),7881,27.815619,114.416778,63,63,28,3.6,3.2,14.7,4.6,84.8,27.9,0.3,4
2184,2022-06-04 13:00:00,+08:00,"bīnláng shuǐ yè, Yichun (宜春槟榔水业)",7793,27.8036,114.3442,55,46,55,3.6,2.3,29.3,4.6,73,30.5,99.4,1
2185,,+08:00,"City Bank of China, Yichun (宜春市中国银行)",7794,27.8014,114.3806,-,,,,,,,84.1,6.9,99.1,1
2186,2022-06-04 17:00:00,+08:00,"City Oil Company, Yichun (宜春市石油公司)",7795,27.7842,114.3953,53,53,31,3.1,2.8,13.9,6.4,84.8,27.9,0.3,4
2187,2022-06-04 17:00:00,+08:00,"Bureau of Meteorology, Yichun (宜春市气象局)",7796,27.7914,114.3703,50,50,28,2.6,6,15.5,7.3,84.8,27.9,0.3,4
2188,2022-06-04 17:00:00,+08:00,"City Radio and TV, Yichun (宜春市广电局)",7797,27.8072,114.4011,63,63,28,3.6,3.2,14.7,4.6,84.8,27.9,0.3,4
2189,2022-06-04 17:00:00,+08:00,"槟榔水业(对照点), Yichun (宜春槟榔水业(对照点))",11324,27.8036,114.3442,57,57,44,3.6,4.6,16.7,5.5,84.8,27.9,0.3,4
2190,2022-06-04 17:00:00,+08:00,"宜春学院北校区（181229启用）, Yichun (宜春宜春学院北校区（181229启用）)",11325,27.8097,114.375,50,50,20,2.6,6.9,15.9,7,84.8,27.9,0.3,4
2191,2022-06-04 15:00:00,+08:00,Jixi (鸡西),7915,45.295075,130.969333,37,13,15,1.6,6.9,36.6,1.4,65.1,16.9,99.1,6
2192,2022-06-04 17:00:00,+08:00,Hegang (鹤岗),7916,47.349916,130.297964,29,21,29,4.1,2.3,24.8,1.9,56.6,15.6,99.6,3
2193,2022-06-04 17:00:00,+08:00,Shuangyashan (双鸭山),7917,46.646509,131.159133,30,30,15,2.1,4.2,19.9,1.9,71.9,16.6,99,4
2194,2022-06-04 17:00:00,+08:00,Jiamusi (佳木斯),7918,46.799778,130.318879,25,25,20,6.1,7.4,19.1,3.7,,,,
2195,2022-06-04 16:00:00,+08:00,Heihe (黑河),7919,50.245146,127.528287,32,25,18,1.1,1.9,31.7,2.3,43,21.5,,3.6
2196,2022-06-04 16:00:00,+08:00,"No. 1 middle school, Mudanjiang (牡丹江第一中学)",7253,44.5462,129.6386,39,21,5,1.1,2.3,39,2.8,57.2,16.4,99.1,1
2197,2021-07-31 05:00:00,+08:00,"Environmental Building, Mudanjiang (牡丹江环保大楼　)",7254,44.561,129.61,22,59,22,2.6,3.7,21.6,4,65,28,99.3,3
2198,2022-06-04 16:00:00,+08:00,"Cultural Square, Mudanjiang (牡丹江文化广场　)",7255,44.5782,129.6115,35,17,11,1.1,4.6,35,2.9,57.2,16.4,99.1,1
2199,2022-06-04 15:00:00,+08:00,"EPA, Jixi (鸡西环保局　)",7256,45.2924,130.962,35,13,15,1.6,6.9,35,1.4,65.1,16.9,99.1,6
2200,2020-03-01 19:00:00,+08:00,"Water Company, Jixi (鸡西自来水公司　)",7257,45.305,130.9817,-,68,46,3.6,5.1,19.9,4,88,-10.3,99,2
2201,2020-03-01 23:00:00,+08:00,"Liquor Factory, Jixi (鸡西白酒厂　)",7258,45.2948,131.0103,-,142,52,11.2,8.7,28.1,11.2,88,-10.3,99,2
2202,2022-06-04 16:00:00,+08:00,"Bureau of Meteorology, Jixi (鸡西气象局　)",7259,45.2978,130.9298,37,13,12,3.1,6.9,36.6,1.4,65.1,16.9,99.1,6
2203,2022-06-04 17:00:00,+08:00,"Harbin Branch, Hegang (鹤岗哈啤分公司)",7260,47.3349,130.2659,25,25,20,2.6,3.7,24,1.9,56.6,15.6,99.6,3
2204,2022-06-04 17:00:00,+08:00,"Star Electromechanical, Hegang (鹤岗斯达机电)",7261,47.2753,130.261,30,30,16,3.1,3.2,22.8,1.9,56.6,15.6,99.6,3
2205,2022-06-04 17:00:00,+08:00,"Dongshan mills, Hegang (鹤岗东山纸板厂)",7262,47.3489,130.3172,29,21,29,4.1,2.3,24.8,1.9,56.6,15.6,99.6,3
2206,2022-06-04 16:00:00,+08:00,"wǔ hào shuǐkù, Hegang (鹤岗五号水库)",7263,47.3382,130.1097,34,34,13,3.1,2.8,26.4,1.7,53.3,16.2,99.6,5
2207,2022-06-04 17:00:00,+08:00,"shuāng hé cūn, Shuangyashan (双鸭山双合村)",7264,46.6572,131.1638,33,25,9,2.6,3.2,33.3,1.2,67.9,15.2,99,4
2208,2022-06-04 17:00:00,+08:00,"nánxiǎo shì, Shuangyashan (双鸭山南小市)",7265,46.619,131.1651,30,30,13,2.1,2.8,32.9,0.5,67.9,15.2,99,4
2209,2022-06-04 17:00:00,+08:00,"Environment protection office, Shuangyashan (双鸭山环保局)",7266,46.6462,131.1516,32,13,15,2.1,4.2,31.7,2,67.9,15.2,99,4
2210,2022-06-04 17:00:00,+08:00,"Nursery, Shuangyashan (双鸭山苗圃)",7267,46.5888,131.1572,42,42,18,1.6,2.8,35,2.6,67.9,15.2,99,4
2211,2022-06-04 15:00:00,+08:00,"Central Hospital, Yichun (伊春中心医院)",7268,47.7222,128.8736,59,59,22,1.6,1,28.1,1.1,57.1,17.6,0.1,5
2212,2022-06-04 16:00:00,+08:00,"Forest Authority, Yichun (伊春林管局)",7269,47.7317,128.9094,59,59,22,3.1,1.4,28.1,3.5,57.1,17.6,0.1,5
2213,2022-06-04 16:00:00,+08:00,"Tangwanghe National Park, Yichun (伊春汤旺河国家公园)",7270,48.4658,129.4942,28,5,3,2.6,1.9,27.7,2,57.1,17.6,0.1,5
2214,2022-06-04 17:00:00,+08:00,"jiā fǎng, Jiamusi (佳木斯佳纺)",7271,46.8025,130.2719,42,42,25,1.6,4.2,22.4,2.8,,,,
2215,2022-06-04 17:00:00,+08:00,"Power plant, Jiamusi (佳木斯发电厂)",7272,46.8267,130.3961,34,30,34,6.1,2.8,25.2,1.9,,,,
2216,2022-06-04 17:00:00,+08:00,"Environment protection office, Jiamusi (佳木斯环保局)",7273,46.7975,130.3258,25,25,20,1.6,7.4,19.1,3.7,,,,
2217,2022-06-04 17:00:00,+08:00,"No11 middle school, Jiamusi (佳木斯十一中)",7274,46.8032,130.3648,42,42,23,3.1,4.6,23.6,3.7,,,,
2218,2022-06-04 16:00:00,+08:00,"sì fēng, Jiamusi (佳木斯四丰)",7275,46.7588,130.3794,17,17,10,2.6,3.2,32.9,3.9,,,,
2219,2020-06-28 13:00:00,+08:00,"Environment protection office, Qitaihe (七台河环保局)",7843,45.7677,131.0032,23,42,16,3.1,2.8,23.2,3.9,70.2,22.5,99.1,2
2220,,+08:00,"Xīnjiàn , Qitaihe (七台河新建　)",7844,45.8194,130.8625,-,,,,,,,54.2,-16.5,99,2
2221,2022-06-04 16:00:00,+08:00,"Hú tóu gōu, Qitaihe (七台河葫头沟)",7845,45.8309,130.9467,34,9,5,3.6,3.2,33.8,5.7,65.1,16.9,99.1,6
2222,2022-06-04 16:00:00,+08:00,"Department of Transportation, Heihe (黑河交通局　)",7276,50.2486,127.4961,25,25,6,1.1,1.9,32.9,2.3,43,21.5,,3.6
2223,2022-06-04 16:00:00,+08:00,"Party School, Heihe (黑河党校)",7277,50.2391,127.5044,34,34,11,1.6,1.9,29.7,3.3,43,21.5,,3.6
2224,2022-06-04 16:00:00,+08:00,"Seismological Bureau, Heihe (黑河地震局　)",7278,50.2538,127.4143,32,9,7,2.6,1.4,31.7,3.1,43,21.5,,3.6
2225,2022-06-04 17:00:00,+08:00,"rén hé dōng jiē, Suihua (绥化人和东街)",7279,46.6384,126.9934,42,42,27,4.1,3.2,32.1,2.8,61.2,21.8,99.1,7
2226,2022-06-04 17:00:00,+08:00,"Party and government office center, Suihua (绥化党政办公中心)",7280,46.6527,126.9636,34,34,27,3.6,3.2,31.7,3.7,61.2,21.8,99.1,7
2227,,+08:00,"Environment protection office, Daxing'anling (大兴安岭地区环保局)",7560,50.4269,124.1186,-,,,,,,,,,,
2228,2020-12-31 21:00:00,+08:00,"Public security bureau, Daxing'anling (大兴安岭地区公安局)",7561,50.4217,124.1303,76,76,11,4.1,2.8,25.6,2.8,,,,
2229,2022-06-04 17:00:00,+08:00,"岭北(对照点), Haerbin (哈尔滨岭北(对照点))",11100,45.755,126.542,34,25,19,4.6,4.6,34.2,4.6,68,20,,3.6
2230,2022-06-04 17:00:00,+08:00,"Mingzhu Plaza, Hefei (合肥明珠广场)",1290,31.7848,117.196,30,30,22,2.6,15.1,18.3,6.7,94,26,,2.5
2231,2022-06-04 17:00:00,+08:00,"Sanli Street, Hefei (合肥三里街)",1291,31.8766,117.307,55,55,16,5.1,9.6,20.8,4.7,94,26,,2.5
2232,2022-06-04 17:00:00,+08:00,"Hupo Compound, Hefei (合肥琥珀山庄)",1292,31.8706,117.259,26,21,18,4.6,7.8,26.4,4.7,94,26,,2.5
2233,2022-06-04 17:00:00,+08:00,"Dongpu Reservoir, Hefei (合肥董铺水库)",1293,31.9051,117.16,25,30,16,4.6,1.9,25.2,3.3,94,26,,2.5
2234,2022-06-04 17:00:00,+08:00,"Changjiang middle road, Hefei (合肥长江中路)",1294,31.8572,117.25,61,61,20,3.6,8.3,31.3,5.5,94,26,,2.5
2235,2022-06-04 17:00:00,+08:00,"Luyang District, Hefei (合肥庐阳区)",1295,31.9438,117.266,30,30,20,4.6,7.8,23.2,4.6,94,26,,2.5
2236,2022-06-04 17:00:00,+08:00,"Yaohai District, Hefei (合肥瑶海区)",1296,31.8585,117.336,38,38,22,3.6,8.3,21.6,5.5,94,26,,2.5
2237,2022-06-04 17:00:00,+08:00,"Baohe District, Hefei (合肥包河区)",1297,31.7956,117.302,50,50,22,2.6,13.3,20.8,4.6,94,26,,2.5
2238,2022-06-04 17:00:00,+08:00,"Lake district, Hefei (合肥滨湖新区)",1298,31.7386,117.278,55,55,27,4.1,8.3,37.8,3.7,94,26,,2.5
2239,2022-06-04 17:00:00,+08:00,"High-tech zone, Hefei (合肥高新区)",1299,31.8516,117.124,38,38,9,3.6,4.2,28.9,5.5,94,26,,2.5
2240,2022-06-04 17:00:00,+08:00,"Hudong Road No.4 Elementary School, Maanshan (马鞍山湖东路四小)",3589,31.6861,118.5058,46,46,24,0.6,7.4,32.9,7.3,79,29,,2.5
2241,2021-01-01 01:00:00,+08:00,"Tianping Garment Factory, Maanshan (马鞍山天平服装)",3590,31.6411,118.4828,93,93,55,2.1,27,3.7,3.7,100,-7,,0.5
2242,2021-01-01 01:00:00,+08:00,"City education base, Maanshan (马鞍山市教育基地)",3591,31.7133,118.6439,68,68,35,5.1,24.3,9.4,4.6,100,-7,,0.5
2243,2021-01-01 01:00:00,+08:00,"Cihu No.2 elementary school, Maanshan (马鞍山慈湖二小)",3592,31.7506,118.5106,97,97,59,9.2,26.1,6.1,5.5,100,-7,,0.5
2244,2021-01-01 01:00:00,+08:00,"Maanshan steel factory power plant, Maanshan (马鞍山马钢动力厂)",3593,31.6928,118.48,93,93,56,11.7,24.7,4.5,8.2,100,-7,,0.5
2245,2022-06-04 17:00:00,+08:00,"Science Innovation Center, Wuhu (芜湖科创中心)",3594,31.4189,118.37,25,25,20,3.1,5.5,22.4,6.4,79,29,,2.5
2246,2022-06-04 17:00:00,+08:00,"No.4 Water Plant, Wuhu (芜湖四水厂)",3595,31.3178,118.3708,28,25,28,3.1,5.5,22.4,5.5,79,29,,2.5
2247,2022-06-04 17:00:00,+08:00,"Monitoring station, Wuhu (芜湖监测站)",3596,31.3508,118.3528,22,17,16,3.6,5.1,21.6,4.6,79,29,,2.5
2248,,+08:00,"Wuqierling Factory, Wuhu (芜湖五七二零厂)",3597,31.3839,118.4022,-,,,,,,,99.3,1.8,99.4,1
2249,2022-06-04 17:00:00,+08:00,"Laonian University, Chuzhou (滁州老年大学)",5869,32.3153,118.3094,61,61,30,5.1,6.4,33.8,3.7,79,29,,2.5
2250,2022-06-04 17:00:00,+08:00,"réndà bīnguǎn, Chuzhou (滁州人大宾馆)",5870,32.2786,118.3244,61,61,24,3.6,6.9,32.5,5.5,79,29,,2.5
2251,,+08:00,"Monitoring station, Chuzhou (滁州监测站)",5871,32.3061,118.3158,-,,,,,,,50,12,,2.5
2252,2022-06-04 17:00:00,+08:00,Hefei (合肥),1497,31.821448,117.227271,61,61,20,3.6,8.3,31.3,5.5,94,26,,2.5
2253,2022-06-04 17:00:00,+08:00,Wuhu (芜湖),1498,31.352859,118.432941,28,25,28,3.1,5.5,22.4,6.4,79,29,99.4,2.5
2254,2022-06-04 17:00:00,+08:00,Maanshan (马鞍山),1499,31.670452,118.50676,46,46,24,0.6,7.4,32.9,7.3,79,29,,2.5
2255,2022-06-04 17:00:00,+08:00,Chuzhou (滁州),5878,32.301556,118.317107,61,61,30,5.1,6.9,33.8,5.5,79,29,,2.5
2256,2022-06-04 17:00:00,+08:00,"Nursing home, Bangbu (蚌埠工人疗养院)",7091,32.939,117.3961,80,80,34,3.1,2.3,28.5,3.7,68.8,30.8,99.1,2
2257,2022-06-04 17:00:00,+08:00,"bǎihuò dàlóu, Bangbu (蚌埠百货大楼)",7092,32.9444,117.3575,59,57,59,4.1,4.6,34.6,4.6,68.8,30.8,99.1,2
2258,2020-04-30 11:00:00,+08:00,"èr shuǐ chǎng, Bangbu (蚌埠二水厂)",7093,32.935,117.3086,-,147,78,6.6,2.3,49.2,6.4,67,23.7,0.1,2
2259,2022-06-04 17:00:00,+08:00,"Bengbu College, Bangbu (蚌埠蚌埠学院)",7094,32.8913,117.4186,26,21,13,5.1,2.3,25.6,4.6,68.8,30.8,99.1,2
2260,2022-06-04 17:00:00,+08:00,"Government Huaishang District, Bangbu (蚌埠淮上区政府)",7095,32.9673,117.3536,87,87,54,4.1,3.7,35,4.6,68.8,30.8,99.1,2
2261,2015-06-17 17:00:00,+0800,"dàtōng qū zhèngfǔ, Huainan",7097,,,-,25,27,6.6,5.5,32,4.1,,,,
2262,2022-06-04 17:00:00,+08:00,"Panji District Government, Huainan (淮南潘集区政府)",7098,32.7639,116.8028,76,76,40,2.6,5.5,44.7,2.8,68.8,30.8,99.1,2
2263,2022-06-04 17:00:00,+08:00,"Normal university, Huainan (淮南师范学院)",7099,32.645,117.0083,30,13,26,2.6,3.7,30.1,3.7,94,26,,2.5
2264,2022-06-04 17:00:00,+08:00,"Xiejiaji District Government, Huainan (淮南谢家集区政府)",7100,32.6028,116.8556,36,34,18,3.1,2.8,35.8,1,68.8,30.8,99.1,2
2265,2022-06-04 17:00:00,+08:00,"Bagongshan District Government, Huainan (淮南八公山区政府)",7101,32.6319,116.8306,50,50,21,3.1,3.7,32.5,3.7,68.8,30.8,99.1,2
2266,2022-06-04 16:00:00,+08:00,"Jiao Gang Lake Scenic Area Administration, Huainan (淮南焦岗湖风景区管理处)",7102,32.625,116.7039,61,61,26,4.6,5.1,34.6,2.5,68.8,30.8,99.1,2
2267,2022-06-04 17:00:00,+08:00,"Monitoring station, Huaibei (淮北监测站)",7103,33.975,116.8008,85,85,37,1.1,4.2,36.2,4.6,63,29.9,,3
2268,2022-06-04 17:00:00,+08:00,"Lieshan government, Huaibei (淮北烈山区政府)",7104,33.8997,116.8067,109,109,42,2.1,3.2,41.5,5.5,63,29.9,,3
2269,2022-06-04 17:00:00,+08:00,"Vocational and Technical College, Huaibei (淮北职业技术学院)",7105,33.9461,116.7844,-,91,34,2.6,1.4,39,5.5,63,29.9,,3
2270,2022-06-04 17:00:00,+08:00,"No4 middle school, Tongling (铜陵市第四中学)",7106,30.9414,117.8178,42,42,31,3.6,7.8,20.4,5.5,86.8,27.6,0.3,1
2271,2022-06-04 17:00:00,+08:00,"shì gōnglù jú, Tongling (铜陵市公路局)",7107,30.9222,117.8078,42,42,39,2.6,5.1,20.4,10.9,86.8,27.6,0.3,1
2272,2022-06-04 17:00:00,+08:00,"Xinmin City wastewater treatment plant, Tongling (铜陵市新民污水厂)",7108,30.9414,117.7806,72,72,28,3.6,8.3,19.5,2.8,86.8,27.6,0.3,1
2273,2022-06-04 17:00:00,+08:00,"Ninth Middle School, Tongling (铜陵市第九中学)",7109,30.8811,117.7442,59,59,30,7.1,15.6,19.1,7.3,76.8,29.3,99.1,5
2274,2020-03-18 15:00:00,+08:00,"City committee communist party school, Tongling (铜陵市委党校)",7110,,,89,89,64,8.2,5.1,54.5,4.2,,,,
2275,2020-03-18 15:00:00,+08:00,"No.11 Mmiddle school, Tongling (铜陵十一中学)",7111,,,132,132,68,8.2,7.4,57.1,6.5,,,,
2276,2022-06-04 17:00:00,+08:00,"Academy of Environmental Sciences, Anqing (安庆环科院)",7112,30.5103,117.0549,50,50,22,3.1,3.2,25.2,3.7,76.8,29.3,99.1,5
2277,2022-06-04 17:00:00,+08:00,"Mashan museum, Anqing (安庆马山宾馆)",7113,30.51197222,117.0331111,50,50,17,3.1,3.7,23.6,3.7,76.8,29.3,99.1,5
2278,,+08:00,"lián fù huāyuán, Anqing (安庆联富花园)",7114,30.5489,117.0486,-,,,,,,,99.3,2.1,99,2
2279,2022-06-04 17:00:00,+08:00,"Anqing University, Anqing (安庆安庆大学)",7115,30.6145,116.9894,50,50,26,2.6,6.9,16.3,4.6,76.8,29.3,99.1,5
2280,2022-06-04 17:00:00,+08:00,"Yan'an Road No. 89, Huangshan (黄山延安路89号)",7116,29.7128,118.3057,22,21,18,3.1,1,22,3.7,100,17.2,0.3,5
2281,2022-06-04 17:00:00,+08:00,"Huangshandong road, no 89, Huangshan (黄山黄山东路89号)",7117,29.7207,118.3236,20,17,8,3.1,1.9,20.4,3.7,100,17.2,0.3,5
2282,2022-06-04 17:00:00,+08:00,"Huangshan District Government Building 5, Huangshan (黄山黄山区政府5号楼)",7118,30.2756,118.1371,22,5,15,3.1,0.5,22.4,1.9,100,17.2,0.3,5
2283,2022-06-04 17:00:00,+08:00,"jiāncè dàlóu, Lu'an (六安监测大楼)",7125,31.7371,116.508,26,13,14,3.1,1,25.6,2.8,94,26,,2.5
2284,2022-06-04 17:00:00,+08:00,"West Anhui University, Lu'an (六安皖西学院)",7126,31.7618,116.478,38,38,20,4.1,2.8,29.3,2.8,94,26,,2.5
2285,2022-06-04 17:00:00,+08:00,"Chaoyang plant, Lu'an (六安朝阳厂)",7127,31.7797,116.5068,38,38,12,3.6,1.4,25.2,3.7,94,26,,2.5
2286,2022-06-04 17:00:00,+08:00,"BDA, Lu'an (六安开发区)",7128,31.7712,116.5661,42,42,14,4.6,1,27.7,2.8,94,26,,2.5
2287,2019-08-15 11:00:00,+08:00,"EPA building, Chizhou (池州环保大楼)",7131,30.6414,117.4808,65,65,27,3.6,4.6,51.3,4.1,61.9,31.5,,
2288,2022-06-04 17:00:00,+08:00,"Chizhou College, Chizhou (池州池州学院)",7132,30.6617,117.4697,55,55,20,2.1,1.4,21.6,3.7,76.8,29.3,99.1,5
2289,2021-04-29 07:00:00,+08:00,"píng tiān hú, Chizhou (池州平天湖)",7133,30.6539,117.4974,93,93,46,2.6,6,24.8,8.4,91.9,15.1,99.5,1
2290,2022-06-04 17:00:00,+08:00,"Aofong sub-station, Xuancheng (宣城鳌峰子站)",7134,30.9447,118.7581,21,21,11,2.1,4.2,19.1,3.7,86.8,27.6,0.3,1
2291,2022-06-04 17:00:00,+08:00,"Jingtingshan sub-station, Xuancheng (宣城敬亭山子站)",7135,30.9742,118.7386,21,21,6,2.6,7.4,15.1,3.7,86.8,27.6,0.3,1
2292,2022-06-04 17:00:00,+08:00,"BDA Station, Xuancheng (宣城开发区子站)",7136,30.9431,118.7175,23,17,8,2.6,4.2,22.8,2.8,86.8,27.6,0.3,1
2293,2020-06-26 14:00:00,+08:00,"益益乳业工业园, Huainan (淮南益益乳业工业园)",11331,32.64600333,117.0411667,-,53,23,3.1,6.9,59.7,5,86.9,28.4,99.1,2
2294,2022-06-04 17:00:00,+08:00,"Municipal People's Congress, Anqing (安庆市人大)",11332,30.5342,117.0594,27,21,20,2.1,2.8,27.3,3.7,76.8,29.3,99.1,5
2295,2022-06-04 17:00:00,+08:00,Bangbu (蚌埠),7897,32.916287,117.389719,80,80,34,3.1,2.3,28.5,3.7,68.8,30.8,99.1,2
2296,2022-06-04 17:00:00,+08:00,Huaibei (淮北),7898,33.955845,116.798265,85,85,37,1.1,4.2,36.2,4.6,63,29.9,,3
2297,2022-06-04 17:00:00,+08:00,Anqing (安庆),7900,30.543494,117.063755,50,50,17,3.1,3.7,23.6,3.7,76.8,29.3,99.1,5
2298,2022-06-04 17:00:00,+08:00,Lu'an (六安),7901,31.7337,116.521855,26,13,14,3.1,1,25.6,2.8,94,26,,2.5
2299,2022-06-04 17:00:00,+08:00,Chizhou (池州),7902,30.6648,117.491568,55,55,20,2.1,1.4,21.6,3.7,76.8,29.3,99.1,5
2300,2022-06-04 17:00:00,+08:00,Xuancheng (宣城),7903,30.94069,118.758588,21,21,11,2.1,4.2,19.1,3.7,86.8,27.6,0.3,1
2301,2022-06-04 17:00:00,+08:00,"Jiangxi Foreign Affairs Office, Nanchang (南昌省外办)",1304,28.6844,115.893,32,30,20,2.6,2.8,32.1,3.7,72.1,30.7,99.5,4
2302,2022-06-04 17:00:00,+08:00,"Provincial forestry company, Nanchang (南昌省林业公司)",1305,28.6839,115.8886,34,9,18,2.6,1,34.2,6.4,72.1,30.7,99.5,4
2303,2022-06-04 17:00:00,+08:00,"Institute of Forestry, Nanchang (南昌林科所)",1306,28.7442,115.813,38,38,22,0.6,1,32.1,3.7,72.1,30.7,99.5,4
2304,2021-03-29 10:00:00,+08:00,"Jingdong town government, Nanchang (南昌京东镇政府)",1307,28.6969,115.973,89,89,57,4.6,8.3,17.9,9.3,87,18.4,99.1,1
2305,2022-06-04 17:00:00,+08:00,"Contruction Industry College, Nanchang (南昌建工学校)",1308,28.6869,115.852,30,30,19,4.1,5.1,29.3,2.8,72.1,30.7,99.5,4
2306,2022-06-04 17:00:00,+08:00,"Xianghu, Nanchang (南昌象湖)",1309,28.6425,115.892,32,25,11,1.1,1,31.7,3.7,72.1,30.7,99.5,4
2307,2022-06-04 16:00:00,+08:00,"Martial Arts School, Nanchang (南昌武术学校)",1310,28.7994,115.742,55,55,25,10.2,2.3,32.9,2.9,72.1,30.7,99.5,4
2308,2017-03-22 11:00:00,+08:00,"Petrifaction Company, Nanchang",1311,28.6131,115.912,30,30,10,1.6,19.7,15.1,8.2,97,11,,0.9
2309,2022-06-04 17:00:00,+08:00,"Provincial Station, Nanchang (南昌省站)",1312,28.6844,115.931,37,34,14,5.6,3.2,36.6,3.7,72.1,30.7,99.5,4
2310,2022-06-04 17:00:00,+08:00,"Lushan Mountain Observatory, Jiujiang (九江庐山气象台)",3645,29.5867,115.9936,42,42,5,2.6,1.4,21.6,2.2,89,22.6,0.7,3
2311,2022-06-04 17:00:00,+08:00,"Shili, Jiujiang (九江十里)",3646,29.6816,115.9872,30,21,19,4.6,4.2,30.1,6.4,92.9,22.5,0.7,3
2312,2022-06-04 17:00:00,+08:00,"Maoshantou, Jiujiang (九江茅山头)",3647,29.7048,115.9581,57,57,28,1.1,7.4,28.5,5.5,92.9,22.5,0.7,3
2313,2022-06-04 17:00:00,+08:00,"Xiyuan, Jiujiang (九江西园)",3648,29.7292,115.988,42,42,22,3.1,11.5,24,8.4,92.9,22.5,0.7,3
2314,2022-06-04 17:00:00,+08:00,"Wuqierling Factory, Jiujiang (九江五七二七厂)",3649,29.6535,116.0174,46,46,15,2.6,1,26.9,5.5,92.9,22.5,0.7,3
2315,,+08:00,"Water Scientific Research Institute, Jiujiang (九江水科所)",3650,29.6926,116.0628,-,,,,,,,97.1,-0.6,99.1,2
2316,2022-06-04 17:00:00,+08:00,"Zonghe Industrial Park, Jiujiang (九江综合工业园)",3651,29.6039,115.9114,55,55,17,3.1,1.9,28.9,5.6,92.9,22.5,0.7,3
2317,2022-06-04 17:00:00,+08:00,"Petrochemical General Plant, Jiujiang (九江石化总厂)",3652,29.7534,116.0726,24,13,24,5.1,5.5,22.4,3.7,92.9,22.5,0.7,3
2318,2022-06-04 17:00:00,+08:00,"Feiyu, Xinyu (新余飞宇)",5872,27.8344,114.9831,25,25,18,0.6,5.5,18.7,6.4,84.8,27.9,0.3,4
2319,,+08:00,"xīn gāngyǎngqì chǎng, Xinyu (新余新钢氧气厂)",5873,27.8042,114.9119,-,,,,,,,84.1,6.9,99.1,1
2320,2022-06-04 17:00:00,+08:00,"Beigang, Xinyu (新余北岗)",5874,27.7758,115.0586,30,30,7,2.1,1.4,21.2,3.4,88.9,27.5,1.3,2
2321,2022-06-04 17:00:00,+08:00,"No.2 water factory, Xinyu (新余第二水厂)",5875,27.8328,114.9289,50,50,13,2.1,9.2,12.6,11.8,84.8,27.9,0.3,4
2322,2022-06-04 17:00:00,+08:00,"Bureau of Meteorology, Xinyu (新余市气象局)",5876,27.8036,114.9314,61,61,26,10.2,16,10.2,27.2,84.8,27.9,0.3,4
2323,2022-06-04 17:00:00,+08:00,Nanchang (南昌),1503,28.683213,115.858121,30,30,19,4.1,5.1,29.3,2.8,72.1,30.7,99.5,4
2324,2022-06-04 17:00:00,+08:00,Jiujiang (九江),1504,29.705078,116.00193,42,42,22,3.1,11.5,24,8.2,92.9,22.5,0.7,3
2325,2022-06-04 17:00:00,+08:00,Xinyu (新余),5877,27.817809,114.917347,61,61,26,10.2,16,10.2,27.2,84.8,27.9,0.3,4
2326,2022-06-04 17:00:00,+08:00,Jingdezhen (景德镇),7876,29.268836,117.17842,34,34,20,5.6,2.8,26,4.8,80,28.9,99.8,2
2327,2022-06-04 17:00:00,+08:00,Pingxiang (萍乡),7877,27.622768,113.854556,50,50,23,6.1,2.3,24.4,1.9,83,29,,0.5
2328,2022-06-04 17:00:00,+08:00,Yingtan (鹰潭),7878,28.260189,117.069202,22,21,16,0.6,1,22,1.9,69.1,30.5,99.1,5
2329,2022-06-04 17:00:00,+08:00,Ganzhou (赣州),7879,25.831829,114.93503,25,25,15,2.1,4.6,23.2,6.4,78.1,28.6,0.4,2
2330,2022-06-04 17:00:00,+08:00,Ji'an (吉安),7880,27.113443,114.992509,24,21,13,4.1,1,24.4,3.7,69.1,30.2,99.9,4
2331,2022-06-04 17:00:00,+08:00,Fuzhoushi (抚州),7882,27.949217,116.358182,25,25,23,2.6,5.1,20.8,6.4,69.1,30.5,99.1,5
2332,2022-06-04 17:00:00,+08:00,Shangrao (上饶),7883,28.454863,117.943433,57,57,22,2.1,3.2,21.2,2.9,89.8,26.2,99.9,2
2333,2022-06-03 11:00:00,+08:00,"Wang Gang High School, Jingdezhen (景德镇王岗中学)",7769,29.3864,117.3097,57,57,14,2.1,1.4,13.5,4.1,97,24.6,1.9,2
2334,2022-06-04 17:00:00,+08:00,"lǎogànbù huódòng zhōngxīn, Jingdezhen (景德镇老干部活动中心)",7770,29.2958,117.2111,61,61,22,4.1,6,21.6,5.5,80,28.9,99.8,2
2335,2022-06-04 17:00:00,+08:00,"Veterinary Station, Jingdezhen (景德镇兽医站)",7771,29.2786,117.1983,55,55,21,5.6,5.5,21.2,5.5,80,28.9,99.8,2
2336,2022-06-04 17:00:00,+08:00,"tái dá táocí, Jingdezhen (景德镇台达陶瓷)",7772,29.2647,117.1558,34,34,20,5.6,2.8,26,4.8,80,28.9,99.8,2
2337,2022-06-04 17:00:00,+08:00,"táo yán suǒ, Jingdezhen (景德镇陶研所)",7773,29.2956,117.2461,55,55,23,2.1,1.9,21.2,2.8,80,28.9,99.8,2
2338,,+08:00,"Wugongshan Stations, Pingxiang (萍乡武功山气象站)",7774,27.4948,114.0944,-,,,,,,,84.1,6.9,99.1,1
2339,2022-06-04 17:00:00,+08:00,"Traditional Chinese Medicine Hospital, Pingxiang (萍乡中医院)",7775,27.6428,113.8381,53,53,5,2.1,2.3,28.5,4.6,83,29,,0.5
2340,2022-06-04 17:00:00,+08:00,"Municipal Garage, Pingxiang (萍乡市政府车库)",7776,27.6231,113.8447,22,50,18,3.1,2.3,21.6,4.6,83,29,,0.5
2341,2022-06-04 17:00:00,+08:00,"City EPA, Pingxiang (萍乡市环保局)",7777,27.6442,113.8686,38,38,23,3.6,2.8,31.3,3.7,83,29,,0.5
2342,2022-06-04 17:00:00,+08:00,"Anyuan District Government, Pingxiang (萍乡安源区政府)",7778,27.6178,113.865,50,50,22,6.1,2.3,24.4,1.9,83,29,,0.5
2343,2022-06-04 16:00:00,+08:00,"Lung Fu Shan, Yingtan (鹰潭龙虎山)",7779,28.095,116.9622,34,34,19,1.6,1,21.6,3.4,69.1,30.5,99.1,5
2344,2022-06-04 17:00:00,+08:00,"xīn jiāncè zhàn, Yingtan (鹰潭新监测站)",7780,28.2642,117.0564,22,21,16,0.6,1,22,2.3,69.9,30.4,99.1,4
2345,2022-06-04 17:00:00,+08:00,"cái yuàn bīnguǎn, Yingtan (鹰潭财苑宾馆)",7781,28.2403,117.0281,23,9,14,1.1,1,22.8,2.8,69.9,30.4,99.1,4
2346,2022-06-04 17:00:00,+08:00,"Gymnasium, Yingtan (鹰潭体育馆)",7782,28.2264,117.0222,24,9,18,2.1,1,23.6,5.5,69.1,30.5,99.1,5
2347,2022-06-04 17:00:00,+08:00,"sānchuān shuǐbiǎo, Yingtan (鹰潭三川水表)",7783,28.2169,116.9983,22,21,12,2.6,1,21.6,7.3,69.9,30.4,99.1,4
2348,2022-06-04 17:00:00,+08:00,"tōngtiān yán, Ganzhou (赣州通天岩)",7784,25.9118,114.9064,57,57,14,1.1,1.9,25.6,3.5,78.1,28.6,0.4,2
2349,2022-06-04 17:00:00,+08:00,"de wěi, Ganzhou (赣州地委)",7785,25.8664,114.9367,34,34,12,3.1,3.2,22.8,5.8,71.2,30.3,0.4,2
2350,2022-06-04 17:00:00,+08:00,"qìxiàngtái, Ganzhou (赣州气象台)",7786,25.8481,114.9461,61,61,16,3.1,2.8,28.1,7.3,78.1,28.6,0.4,2
2351,2022-06-04 17:00:00,+08:00,"City Library , Ganzhou (赣州市图书馆)",7787,25.8333,114.9322,25,25,15,2.1,4.6,23.2,6.7,71.2,30.3,0.4,2
2352,2022-06-04 17:00:00,+08:00,"huá jiān xiéchéng, Ganzhou (赣州华坚鞋城)",7788,25.8471,114.8905,26,9,10,2.1,2.3,26,6.4,78.1,28.6,0.4,2
2353,2022-06-04 17:00:00,+08:00,"hóng shēng qìcái chǎng, Ji'an (吉安红声器材厂)",7789,27.0658,114.9817,24,17,14,3.1,1.4,23.6,3.7,69.1,30.2,99.9,4
2354,2022-06-04 17:00:00,+08:00,"shì sēnlín gōngyè jú, Ji'an (吉安市森林工业局)",7790,27.11,114.9739,30,30,13,2.1,1.9,25.2,3.7,69.1,30.2,99.9,4
2355,2022-06-04 17:00:00,+08:00,"City Environmental Monitoring Station, Ji'an (吉安市环境监测站)",7791,27.1311,114.99,24,21,12,3.1,2.8,24.4,5.5,69.1,30.2,99.9,4
2356,2022-06-04 17:00:00,+08:00,"qīng yuán qū fǎyuàn, Ji'an (吉安青原区法院)",7792,27.0983,115.0075,24,21,13,4.1,1,24.4,3.7,69.1,30.2,99.9,4
2357,2022-06-04 17:00:00,+08:00,"tóng yuán dǎng xī, Fuzhoushi (抚州桐源党溪)",7798,28.0797,116.2239,19,17,13,1.6,2.3,18.7,2.4,68.9,31.5,99.5,2
2358,2022-06-04 17:00:00,+08:00,"City Station, Fuzhoushi (抚州市站)",7799,27.9883,116.3553,50,50,26,3.1,2.3,23.6,3.7,69.1,30.5,99.1,5
2359,2022-06-04 17:00:00,+08:00,"xuèfáng zhàn, Fuzhoushi (抚州血防站)",7800,27.9639,116.3598,25,25,23,1.1,2.3,20.8,6.4,69.1,30.5,99.1,5
2360,2022-06-04 17:00:00,+08:00,"cǎi chá jùtuán, Fuzhoushi (抚州采茶剧团)",7801,28.0005,116.3574,25,25,17,2.6,1.9,24,4.6,69.1,30.5,99.1,5
2361,2022-06-04 17:00:00,+08:00,"yīxué fēnyuàn, Fuzhoushi (抚州医学分院)",7802,27.9647,116.385,22,9,19,2.6,5.1,22.4,6.4,69.1,30.5,99.1,5
2362,2021-03-29 17:00:00,+08:00,"Baicaoyuan, Shangrao (上饶百草园)",7803,28.4569,118.0058,87,87,34,7.6,6.9,28.9,9.2,50,29.3,99.1,3
2363,2022-06-04 17:00:00,+08:00,"City Monitoring Station, Shangrao (上饶市监测站)",7804,28.4459,117.973,70,70,31,1.6,2.3,19.1,1.9,89.8,26.2,99.9,2
2364,2022-06-04 17:00:00,+08:00,"fènghuáng guāngxué, Shangrao (上饶凤凰光学)",7805,28.4622,117.9511,57,57,22,2.1,3.2,21.2,2.9,89.8,26.2,99.9,2
2365,2021-03-29 10:00:00,+08:00,"BDA Management Committe, Shangrao (上饶开发区管委会)",7806,28.4303,117.9033,102,102,50,16.8,12.4,11.8,7.2,85.8,17.6,0.2,1
2366,2022-06-04 17:00:00,+08:00,"机电学校, Nanchang (南昌机电学校)",9884,28.6064,115.9083,36,17,26,5.6,1.4,35.8,6.4,72.1,30.7,99.5,4
2367,2022-06-04 17:00:00,+08:00,"庐山气象台(对照点), Jiujiang (九江庐山气象台(对照点))",10954,29.5867,115.9936,42,42,7,2.6,1.4,21.6,1,92.9,22.5,0.7,3
2368,2021-03-29 17:00:00,+08:00,"外国语学校（20181128启用）, Jiujiang (九江外国语学校（20181128启用）)",10955,29.6995,116.0257,80,80,31,3.1,5.5,38.2,8.1,71.9,21.8,0.1,3
2369,2022-06-04 17:00:00,+08:00,"Beigang, Xinyu (新余北岗(对照点))",11634,27.7758,115.0586,30,30,7,2.1,1.4,21.2,3.7,84.8,27.9,0.3,4
2370,2022-06-04 15:00:00,+08:00,"Xingang Yuyuan Village (20190301)..., Xinyu (新余新钢沁园村(20190301启用))",11635,27.807,114.9149,34,34,25,9.2,6,23.2,7.8,84.8,27.9,0.3,4
2371,2022-06-04 17:00:00,+08:00,"Tobacco factory, Zhengzhou (郑州烟厂)",1313,34.7545,113.681,53,91,53,3.6,7.4,39.8,4.6,61,28,,5.6
2372,2022-06-04 17:00:00,+08:00,"Textile Machinery Factory, Zhengzhou (郑州郑纺机)",1314,34.7745,113.641,54,89,54,4.6,6,37.4,7.3,61,28,,5.6
2373,2022-06-04 17:00:00,+08:00,"Banking College, Zhengzhou (郑州银行学校)",1315,34.8019,113.675,82,82,51,3.1,7.4,14.7,7.3,61,28,,5.6
2374,2022-06-04 17:00:00,+08:00,"Water Supply Company, Zhengzhou (郑州供水公司)",1316,34.802,113.564,49,82,49,3.1,8.3,36.2,4.6,61,28,,5.6
2375,2022-06-04 17:00:00,+08:00,"Economic Development Zone Management Committee, Zhengzhou (郑州经开区管委)",1317,34.7187,113.727,87,87,53,2.6,7.8,39.4,5.5,61,28,,5.6
2376,2022-06-04 17:00:00,+08:00,"No. 47 middle school, Zhengzhou (郑州四十七中)",1318,34.719,113.734,85,85,55,4.6,8.3,20.8,6.4,61,28,,5.6
2377,2022-06-04 17:00:00,+08:00,"City Monitoring Station, Zhengzhou (郑州市监测站)",1319,34.7496,113.5991,58,46,58,3.1,8.3,37.4,8.2,61,28,,5.6
2378,2022-06-04 17:00:00,+08:00,"Henan Medical University, Zhengzhou (郑州河医大)",1320,34.7538,113.6356,58,87,58,2.6,6.9,38.2,6.4,61,28,,5.6
2379,,+08:00,"Gangli Reservoir, Zhengzhou (郑州岗李水库)",1321,34.9162,113.6113,-,,,,,,,73.2,26.8,0.1,2
2380,,+08:00,"Henan University No.1 Hospital, Kaifeng (开封河大一附院)",3724,34.8022,114.3406,-,,,,,,,73,26,,1.5
2381,2022-06-04 17:00:00,+08:00,"Cancer Hospital, Kaifeng (开封肿瘤医院)",3726,34.7781,114.3389,89,89,73,3.1,5.5,49.2,6.8,61,28,,5.6
2382,2015-01-06 11:00:00,+0800,"Yellow River Conservancy Institute, Kaifeng",3727,,,-,134,52,18.8,24.3,6,10.6,20,2,,0.9
2383,2022-06-04 17:00:00,+08:00,"Shijixing Kindergarden, Kaifeng (开封世纪星幼儿园)",3728,34.7967,114.2886,78,78,74,1.1,8.3,40.7,7.3,61,28,,5.6
2384,,+0800," Lankao EPB Station, Kaifeng",3729,,,-,,,,,,,94,23,,0.9
2385,,+0800,"Lankao No.1 High School, Kaifeng",3730,,,-,,,,,,,94,23,,0.9
2386,,+08:00,"Movie and Film Studio Base, Jiaozuo (焦作影视城)",4443,35.259,113.1992,-,,,,,,,73.2,26.8,0.1,2
2387,2022-06-04 17:00:00,+08:00,"High-tech District Government, Jiaozuo (焦作高新区政府)",4444,35.1764,113.2464,97,97,70,6.6,9.2,33.8,4.6,61,28,,5.6
2388,2014-11-17 06:00:00,+0800,"City Monitoring Station, Jiaozuo",4445,,,-,181,100,21.3,15.1,8,17.3,29,13,,1.8
2389,2022-06-04 17:00:00,+08:00,"City EPA, Jiaozuo (焦作市环保局)",4446,35.213,113.227,102,102,56,2.1,8.3,42.3,6.4,61,28,,5.6
2390,2022-06-04 17:00:00,+08:00,"Cotton Research Institute, Anyang (安阳棉研所)",4323,36.061,114.483,102,102,98,2.6,8.3,43.5,2.6,61.9,29.8,,3
2391,2022-06-04 17:00:00,+08:00,"Hongmiao Street, Anyang (安阳红庙街)",4324,36.086,114.32,119,119,85,9.2,12.8,97.5,8.4,61.9,29.8,,3
2392,2022-06-04 17:00:00,+08:00,"Yinxing Compound, Anyang (安阳银杏小区)",4325,36.087,114.358,117,117,75,6.1,11.9,74.7,6.4,61.9,29.8,,3
2393,,+08:00,"Tiefo Temple, Anyang (安阳铁佛寺)",4326,36.11,114.286,-,,,,,,,98.8,24.6,0.1,1
2394,,+08:00,"Environment protection office, Anyang (安阳环保局)",4447,36.0883,114.3931,-,,,,,,,98.8,24.6,0.1,1
2395,,+08:00,"City Monitoring Station, Luoyang (洛阳市监测站)",4327,34.67,112.4333,-,,,,,,,77.9,24,99.1,2
2396,2022-06-04 17:00:00,+08:00,"BDA Management Committe, Luoyang (洛阳开发区管委会)",4328,34.6231,112.3844,55,55,20,1.6,2.3,28.5,2.8,70,23.9,1.2,4
2397,2022-06-04 17:00:00,+08:00,"New municipal office, Luoyang (洛阳市委新办公区)",4329,34.6258,112.4275,59,59,20,2.1,2.8,28.9,2.8,70,23.9,1.2,4
2398,2022-06-04 17:00:00,+08:00,"City committee communist party school, Luoyang (洛阳市委党校)",4330,34.6511,112.3939,57,57,19,2.1,3.2,27.7,4.6,70,23.9,1.2,4
2399,2022-06-04 17:00:00,+08:00,"Henan Forestry College, Luoyang (洛阳河南林校)",4331,34.6869,112.4831,57,57,24,1.6,7.4,25.2,2.8,70,23.9,1.2,4
2400,,+08:00,"CITIC No.2 Elementary School, Luoyang (洛阳中信二小)",4332,34.6692,112.3628,-,,,,,,,29.1,32.6,99.1,3
2401,2022-06-04 17:00:00,+08:00,"Yuxi Hotel, Luoyang (洛阳豫西宾馆)",4333,34.6869,112.4664,63,63,32,1.1,5.5,25.6,3.7,70,23.9,1.2,4
2402,2022-06-04 17:00:00,+08:00,"City Planning Design Institute, Pingdingshan (平顶山规划设计院)",4334,33.739,113.292,59,59,52,3.6,6.4,46.3,4.6,61,28,,5.6
2403,2022-06-04 17:00:00,+08:00,"Xinhua Hotel, Pingdingshan (平顶山新华旅馆)",4335,33.721,113.322,74,74,62,2.1,2.8,46.3,3.7,,,,
2404,2022-06-04 17:00:00,+08:00,"Engineering College, Pingdingshan (平顶山平顶山工学院)",4336,33.737,113.182,70,70,52,4.1,6.4,42.7,4.6,46.1,31.7,,5
2405,,+08:00,"High Voltage Switchgear Factory, Pingdingshan (平顶山高压开关厂)",4337,33.7214,113.3064,-,,,,,,,,,,
2406,2022-06-04 17:00:00,+08:00,Zhengzhou (郑州),1522,34.7466,113.625368,58,87,58,3.1,6.9,38.2,6.4,61,28,,5.6
2407,2022-06-04 17:00:00,+08:00,Kaifeng (开封),1523,34.797239,114.307582,89,89,73,3.1,5.5,49.2,6.8,61,28,,5.6
2408,2022-06-04 17:00:00,+08:00,Luoyang (洛阳),1524,34.618452,112.45429,63,63,32,2.1,7.4,28.9,4.6,70,23.9,1.2,4
2409,2022-06-04 17:00:00,+08:00,Pingdingshan (平顶山),1525,33.76619,113.192814,74,74,62,4.1,6.4,46.3,4.6,61,28,,5.6
2410,2022-06-04 17:00:00,+08:00,Anyang (安阳),1526,36.097593,114.392756,119,119,98,9.2,12.8,97.5,8.4,61.9,29.8,0.1,3
2411,2022-06-04 17:00:00,+08:00,Jiaozuo (焦作),1527,35.215893,113.241823,102,102,70,6.6,9.2,42.3,6.4,61,28,0.1,5.6
2412,2022-06-04 17:00:00,+08:00,"Shì jiāojǐng zhīduì, Hebi (鹤壁市交警支队)",5786,35.751666,114.301106,89,89,57,3.1,6.9,,7.3,61.9,29.8,,3
2413,2022-06-04 17:00:00,+08:00,"City Monitoring Station, Hebi (鹤壁市监测站)",5787,35.7484612,114.3079831,87,87,51,3.6,14.2,,7.3,61.9,29.8,,3
2414,2022-06-04 17:00:00,+08:00,"yíng bīnguǎn, Hebi (鹤壁迎宾馆)",5788,35.732157,114.293766,68,68,50,5.1,7.4,,5.5,61.9,29.8,,3
2415,2022-06-04 17:00:00,+08:00,"huánbǎo dōng yuàn, Xinxiang (新乡环保东院)",5789,35.302928,113.926975,104,104,58,2.6,11,,7.3,61,28,,5.6
2416,2022-06-04 17:00:00,+08:00,"BDA, Xinxiang (新乡开发区)",5790,35.281993,113.9027,97,97,61,3.1,8.7,,7.3,61,28,,5.6
2417,,+08:00,"kējì xuéyuàn, Xinxiang (新乡科技学院)",5791,35.282877,113.9347956,-,,,,,,,73.2,26.8,0.1,2
2418,2022-06-04 17:00:00,+08:00,"huánbǎo xīyuàn, Xinxiang (新乡环保西院)",5792,35.302928,113.926975,109,109,68,4.1,7.8,,6.4,61,28,,5.6
2419,2022-06-04 17:00:00,+08:00,"City EPA, Jiěfàng district, Jiaozuo (焦作解放区市环保局)",10959,35.0988759,112.93637,102,102,56,2.1,8.3,42.3,6.3,70,23.9,1.2,4
2420,2022-06-04 17:00:00,+08:00,"Movie and Film Studio Base, Jiěfàng district, Jiaozuo (焦作解放区影视城)",10960,35.267003,113.207454,99,99,68,3.6,5.1,46.3,6.9,60,28.2,99.2,3
2421,,+08:00,"City Monitoring Station, Shānyáng district, Jiaozuo (焦作山阳区市监测站)",10961,35.2344729,113.2675009,-,,,,,,,73.2,26.8,0.1,2
2422,2021-03-04 22:00:00,+08:00,"High-tech District Government, High-tech zone, Jiaozuo (焦作高新区高新区政府)",10962,35.1760417,113.2492538,158,158,79,4.1,12.8,23.6,4.6,61,15.5,,2.4
2423,,+08:00,"hóng tiān wēi, Puyang (濮阳泓天威)",5793,35.761829,115.029216,-,,,,,,,98.8,24.6,0.1,1
2424,2022-06-04 17:00:00,+08:00,"yóutián wùtàn gōngsī, Puyang (濮阳油田物探公司)",5794,35.761829,115.029216,114,114,65,5.1,5.5,,5.5,61.9,29.8,,3
2425,2022-06-04 17:00:00,+08:00,"yóutián yùnshū gōngsī, Puyang (濮阳油田运输公司)",5795,35.761829,115.029216,132,132,66,3.6,9.2,,7.3,61.9,29.8,,3
2426,2022-06-04 17:00:00,+08:00,"Environment protection office, Puyang (濮阳环保局)",5796,35.851391,115.507088,132,132,59,3.1,7.4,,8.2,48,32.3,,1
2427,2022-06-04 17:00:00,+08:00,"BDA, Xuchang (许昌开发区)",5797,34.000042,113.796941,70,70,60,3.1,2.3,,5.5,61,28,,5.6
2428,2022-06-04 17:00:00,+08:00,"Monitoring station, Xuchang (许昌监测站)",5798,34.01289,113.832446,89,89,55,2.6,4.2,,6.4,61,28,,5.6
2429,,+08:00,"Environment protection office, Xuchang (许昌环保局)",5799,34.0343331,113.8211529,-,,,,,,,73,26,,1.5
2430,2022-06-04 17:00:00,+08:00,"sānwǔyīwǔ gōngchǎng, Luohe (漯河三五一五工厂)",5800,33.581413,114.016539,97,97,65,4.6,1.9,65.6,5.5,57,32.2,99.3,5
2431,2022-06-04 16:00:00,+08:00,"luòhé dàxué, Luohe (漯河漯河大学)",5801,33.567736,114.011061,104,104,73,3.6,2.8,70.1,5.5,57,32.2,99.3,5
2432,2022-06-04 17:00:00,+08:00,"shuǐlì jú, Luohe (漯河水利局)",5802,33.8095819,113.9260599,87,87,64,5.1,2.8,70.1,5.6,61,28,,5.6
2433,2022-06-04 17:00:00,+08:00,"guǎngdiàn jú, Luohe (漯河广电局)",5803,33.4376178,113.594631,95,95,63,4.1,2.8,63.6,5.6,100,26.7,0.7,1
2434,,+08:00,"Environment protection office, Nanyang (南阳环保局)",5804,32.5340887,112.3656831,-,,,,,,,78.8,27.3,,4
2435,2022-06-04 17:00:00,+08:00,"hàn huà guǎn, Nanyang (南阳汉画馆)",5805,32.970171,112.502907,42,42,40,1.6,3.2,,4.6,24,25,,0.8
2436,2022-06-04 17:00:00,+08:00,"wǎ fáng zhuāng, Nanyang (南阳瓦房庄)",5806,33.338473,112.58962,63,55,63,2.1,8.7,,2.8,24,25,,0.8
2437,2022-06-04 17:00:00,+08:00,"lǐgōng xuéyuàn, Nanyang (南阳理工学院)",5807,32.977371,112.546126,61,61,34,2.1,1.4,,4.6,24,25,,0.8
2438,2022-06-04 17:00:00,+08:00,"Weather Monitoring Station, Nanyang (南阳气象站)",5808,32.990833,112.528322,55,55,39,2.6,5.5,,1.9,24,25,,0.8
2439,,+08:00,"Environmental Monitoring Station, Shangqiu (商丘环境监测站)",5809,34.414172,115.65637,-,,,,,,,59,31.8,99.1,3
2440,,+08:00,"suī yáng qū huánbǎo jú, Shangqiu (商丘睢阳区环保局)",5810,34.3931031,115.634807,-,,,,,,,59,31.8,99.1,3
2441,,+08:00,"dì sān rénmín yīyuàn, Shangqiu (商丘第三人民医院)",5811,34.4533999,115.6615315,-,,,,,,,44,31.3,,2
2442,,+08:00,"liángshí jú, Shangqiu (商丘粮食局)",5812,34.232064,116.139029,-,,,,,,,59,31.8,99.1,3
2443,2022-06-04 17:00:00,+08:00,"shenjiju, Shīhé district, Xinyang (信阳浉河区市酿酒公司)",5813,32.146984,114.091023,33,17,5,2.6,2.8,33.3,4,12,26.1,5,1
2444,2022-06-04 17:00:00,+08:00,"Auditing bureau, Shīhé district, Xinyang (信阳浉河区审计局)",5814,32.2040575,114.5272331,34,34,10,2.1,2.3,33.8,3.7,12,26.1,5,1
2445,2022-06-04 17:00:00,+08:00,"nanwan shuihan, Shīhé district, Xinyang (信阳浉河区南湾水厂)",5815,32.146984,114.091023,26,17,19,1.6,2.8,26,4,12,26.1,5,1
2446,2022-06-04 17:00:00,+08:00,"pingqiao fenju, Píngqiáo district, Xinyang (信阳平桥区平桥分局)",5816,32.4624587,114.0475141,33,5,10,2.1,3.2,33.3,3.9,12,26.1,5,1
2447,2022-06-04 16:00:00,+08:00,"City Environmental Monitoring Station, Zhoukou (周口市环境监测站)",5817,33.6111505,114.6672724,65,65,60,1.1,3.2,35,5.5,57,32.2,99.3,5
2448,2022-06-04 17:00:00,+08:00,"chuān huì qū huánbǎo jú, Zhoukou (周口川汇区环保局)",5818,33.6387607,114.6420777,85,85,41,2.6,6.4,49.2,6.5,57,32.2,99.3,5
2449,2022-06-04 17:00:00,+08:00,"zhōukǒu shīfàn, Zhoukou (周口周口师范)",5819,33.617874,114.665581,50,50,12,1.6,3.2,39.4,5.5,57,32.2,99.3,5
2450,2022-06-04 17:00:00,+08:00,"shì yùn guǎn chù, Zhoukou (周口市运管处)",5820,33.626149,114.696951,53,53,51,1.6,2.8,43.1,7.3,57,32.2,99.3,5
2451,,+08:00,"shì yī zhǐ chǎng, Zhumadian (驻马店市一纸厂)",5821,32.50471,113.375587,-,,,,,,,98.8,25.6,1.3,4
2452,,+08:00,"tiānfāng èrfēn chǎng, Zhumadian (驻马店天方二分厂)",5822,33.011529,114.022298,-,,,,,,,100,26.7,0.7,1
2453,,+08:00,"shì cǎiyìn chǎng, Zhumadian (驻马店市彩印厂)",5823,33.011529,114.022298,-,,,,,,,100,26.7,0.7,1
2454,,+08:00,"Sewage treatment plant, Jiyuan (济源污水处理厂)",5824,35.067243,112.601919,-,,,,,,,87.9,21.8,,1
2455,2022-06-04 17:00:00,+08:00,"xīn xíngzhèngqū, Jiyuan (济源新行政区)",5825,35.067243,112.601919,104,104,53,3.1,8.7,36.2,6.2,70,23.9,1.2,4
2456,,+08:00,"bǎihuò dàlóu, Jiyuan (济源百货大楼)",5826,35.0922019,112.5905034,-,,,,,,,87.9,21.8,,1
2457,2021-03-04 19:00:00,+08:00,"gǒngyì shì xīn huánbǎo jú (èr zhōng) zìdòng zhàn, Gongyi (巩义巩义市新环保局(二中)自动站)",5827,34.747858,113.022501,78,78,62,4.6,11.9,38.6,3.7,67,15,,1.5
2458,2021-03-04 19:00:00,+08:00,"gǒngyì shì huánbǎo jú zìdòng zhàn, Gongyi (巩义巩义市环保局自动站)",5828,34.747858,113.022501,158,158,60,8.2,22.9,31.7,9.1,67,15,,1.5
2459,2020-11-01 07:00:00,+08:00," Lankao EPB Station, Lankao county (兰考县兰考环保局自动站)",5829,34.822211,114.821348,184,184,122,5.6,25.2,5.3,11.8,35,13,,2.5
2460,,+08:00,"Lankao No.1 High School, Lankao county (兰考县兰考一高自动站)",5830,34.822211,114.821348,-,,,,,,,69.8,27.3,99.2,1
2461,2021-03-04 19:00:00,+08:00,"rǔ zhōu jìgōng xuéxiào zìdòng zhàn, Ruzhou (汝州汝州技工学校自动站)",5831,34.765515,113.753602,127,127,58,6.1,6.4,37,4.6,67,15,,1.5
2462,2021-03-04 19:00:00,+08:00,"rǔ zhōu shì huánbǎo jú zìdòng zhàn, Ruzhou (汝州汝州市环保局自动站)",5832,34.16703,112.844517,114,114,63,2.6,7.8,35.8,3.7,64.1,12.1,,0.5
2463,,+08:00,"huá xiàn dǎngxiào zìdòng zhàn, Huaxian (滑县滑县党校自动站)",5833,35.575418,114.519311,-,,,,,,,98.8,24.6,0.1,1
2464,,+08:00,"huá xiàn jǐn hé xīncūn zìdòng zhàn, Huaxian (滑县滑县锦和新村自动站)",5834,35.575418,114.519311,-,,,,,,,98.8,24.6,0.1,1
2465,,+08:00,"zhǎng yuán xiàn liú yuán cūn zìdòng zhàn, Zhangyuan county (长垣县长垣县刘园村自动站)",5835,35.201548,114.668936,-,,,,,,,69.8,27.3,99.2,1
2466,,+08:00,"zhǎng yuán xiàn zhōng yīyuàn zìdòng zhàn, Zhangyuan county (长垣县长垣县中医院自动站)",5836,35.201548,114.668936,-,,,,,,,69.8,27.3,99.2,1
2467,2021-03-04 19:00:00,+08:00,"dèng zhōu shì huánbǎo jú zìdòng zhàn, Dengzhou (邓州邓州市环保局自动站)",5837,32.687576,112.087395,112,112,61,1.1,11,34.2,3.7,60.9,16.8,99.3,5
2468,2021-03-04 19:00:00,+08:00,"dèng zhōu shì lǐjiāyíng zìdòng zhàn, Dengzhou (邓州邓州市李家营自动站)",5838,32.687576,112.087395,124,124,62,3.1,14.2,32.1,2.8,60.9,16.8,99.3,5
2469,2021-03-04 19:00:00,+08:00,"yǒng chéng dǎng'àn guǎn zìdòng zhàn, Yongcheng (永城永城档案馆自动站)",5839,33.929291,116.4495,107,107,60,2.1,10.1,41.5,5.5,53.2,16.9,0.1,3
2470,2021-03-04 19:00:00,+08:00,"yǒng chéngshì zhèngfǔ zìdòng zhàn, Yongcheng (永城永城市政府自动站)",5840,33.929291,116.4495,134,134,67,2.6,10.1,38.6,6.4,53.2,16.9,0.1,3
2471,2021-03-04 19:00:00,+08:00,"gù shǐ xiàn huánbǎo jú zìdòng zhàn, Gushi county (固始县固始县环保局自动站)",5841,32.168137,115.654482,89,89,59,2.6,10.1,39.4,4.6,39.1,18.5,99.1,2
2472,2021-03-04 19:00:00,+08:00,"gù shǐ xiàn chéngguān èr lǐ jǐng shèqū zìdòng zhàn, Gushi county (固始县固始县城关二里井社区自动站)",5842,32.168137,115.654482,70,70,48,4.1,10.6,42.7,4.6,39.1,18.5,99.1,2
2473,2021-03-04 19:00:00,+08:00,"lù yì xiàn huánbǎo jú zìdòng zhàn, Luyi county (鹿邑县鹿邑县环保局自动站)",5843,33.86,115.484454,144,144,59,4.1,8.7,35,7.3,53.2,16.9,0.1,3
2474,2022-06-04 17:00:00,+08:00,"lù yì xiàn zhōngxīn yīyuàn zìdòng zhàn, Luyi county (鹿邑县鹿邑县中心医院自动站)",5844,33.86,115.484454,99,99,47,3.1,4.6,72.7,6.4,59,31.8,99.1,3
2475,,+08:00,"xīn cài xiàn huánbǎo jú zìdòng zhàn, Xincai county (新蔡县新蔡县环保局自动站)",5845,32.744855,114.965469,-,,,,,,,85,25.5,99.1,1
2476,,+08:00,"xīn cài xiàn xīn huánbǎo jú zìdòng zhàn, Xincai county (新蔡县新蔡县新环保局自动站)",5846,32.744855,114.965469,-,,,,,,,85,25.5,99.1,1
2477,2022-06-04 17:00:00,+08:00,"Gulouqu zhengfu, Gǔlóu district, Kaifeng (开封鼓楼区鼓楼区政府)",10963,34.7951913,114.3556545,76,76,73,3.1,7.8,46.8,7.2,61,28,,5.6
2478,2022-06-04 17:00:00,+08:00,"City Monitoring Station, Shì xiáqū, Zhengzhou (郑州市辖区市监测站)",10964,34.7485894,112.9902676,89,89,58,3.1,8.3,37.4,7.7,61,28,,4.6
2479,2022-06-04 17:00:00,+08:00,"Tobacco factory, Shì xiáqū, Zhengzhou (郑州市辖区烟厂)",10965,34.7413331,113.6767,82,82,53,3.6,7.4,39.8,4.8,61,28,,4.6
2480,2022-06-04 17:00:00,+08:00,"Henan Medical University, Shì xiáqū, Zhengzhou (郑州市辖区河医大)",10966,34.7466,113.625368,78,78,58,2.6,6.9,38.2,6.1,61,28,,4.6
2481,2022-06-04 17:00:00,+08:00,"Textile Machinery Factory, Shì xiáqū, Zhengzhou (郑州市辖区郑纺机)",10967,34.5857913,113.6904828,78,78,54,4.6,6,37.4,7.4,61,28,,4.6
2482,2022-06-04 17:00:00,+08:00,"Banking College, Shì xiáqū, Zhengzhou (郑州市辖区银行学校)",10968,34.7284511,113.6395741,82,82,51,3.1,7.4,14.7,7.2,61,28,,4.6
2483,2022-06-04 17:00:00,+08:00,"Water Supply Company, Shì xiáqū, Zhengzhou (郑州市辖区供水公司)",10969,34.8019485,113.6705388,76,76,49,3.1,8.3,36.2,4.2,61,28,,4.6
2484,2022-06-04 17:00:00,+08:00,"Gangli Reservoir, Shì xiáqū, Zhengzhou (郑州市辖区岗李水库)",10970,34.7466,113.625368,80,80,41,2.6,6.9,35.8,4.6,61,28,,4.6
2485,2022-06-04 17:00:00,+08:00,"Economic Development Zone Management Committee, Shì xiáqū, Zhengzhou (郑州市辖区经开区管委)",10971,34.7466,113.625368,87,87,53,2.6,7.8,39.4,5.8,61,28,,4.6
2486,2022-06-04 17:00:00,+08:00,"No. 47 middle school, Shì xiáqū, Zhengzhou (郑州市辖区四十七中)",10972,34.770793,113.655201,85,85,55,4.6,8.3,35.4,6.3,61,28,,4.6
2487,,+08:00,"Fengquan District Environmental Protection Bureau, Fengquan District, Xinxiang (新乡凤泉区凤泉区环保局)",10973,35.38972222,113.9086111,-,,,,,,,73.2,26.8,0.1,2
2488,2021-03-04 19:00:00,+08:00,"Xiaoxiang Town Government of Xinxiang County, Xinxiang County, Xinxiang (新乡新乡县新乡县小冀镇政府)",10974,35.1718,113.8169,159,159,86,6.1,11.9,35.4,9.1,57,17.1,,2.1
2489,2021-03-04 19:00:00,+08:00,"Gugu Village Industrial Cluster in Xinxiang County, Xinxiang County, Xinxiang (新乡新乡县新乡县古固寨产业聚集区)",10975,35.218675,113.969217,152,152,80,9.2,21.1,30.5,6.4,57,17.1,,2.1
2490,2021-03-04 19:00:00,+08:00,"Xinxiang County Chamber of Commerce Center, Xinxiang County, Xinxiang (新乡新乡县新乡县商会中心)",10976,35.2231,114.0194,149,149,75,7.1,11,34.2,7.3,57,17.1,,2.1
2491,2021-03-04 19:00:00,+08:00,"Received the Hongqiao Community in Jia County, Jiaxian County, Xinxiang (新乡获嘉县获嘉县弘晟社区)",10977,35.068611,113.934444,153,153,86,6.1,18.3,22,4.6,57,17.1,,2.1
2492,2021-02-08 08:00:00,+08:00,"Yuanyang County Zojinming Pharmaceutical Co., Yuanyang County, Xinxiang (新乡原阳县原阳县佐今明药业)",10978,35.04243403,113.9298566,93,93,55,9.2,15.1,17.5,6.4,59,-1.2,,1.2
2493,2021-03-04 19:00:00,+08:00,"Yuanyang County Sunshine New City, Yuanyang County, Xinxiang (新乡原阳县原阳县阳光新城)",10979,35.047836,113.943096,149,149,65,7.1,7.8,41.9,6.4,57,17.1,,2.1
2494,2021-02-08 15:00:00,+08:00,"Yanjin Jiujiu, Yanjin County, Xinxiang (新乡延津县延津酒鬼酒)",10980,35.18638889,114.1325,91,91,42,54.3,7.8,36.2,5.5,26,9.3,,2.1
2495,2021-03-04 19:00:00,+08:00,"Yanjin Disabled Persons' Federation, Yanjin County, Xinxiang (新乡延津县延津残联)",10981,35.18638889,114.1325,151,151,72,4.6,13.3,37.8,7.3,57,17.1,,2.1
2496,2021-03-04 19:00:00,+08:00,"Fengqiu County Radio and Television Bureau, Fengqiu County, Xinxiang (新乡封丘县封丘县广播电视局)",10982,35.05638889,114.3877778,129,129,58,4.6,12.8,38.2,5.5,57,17.1,,2.1
2497,2021-02-09 07:00:00,+08:00,"Fengqiu County Fruit, Fengqiu County, Xinxiang (新乡封丘县封丘县生命果)",10983,35.05638889,114.3877778,153,153,63,1.6,10.1,13.9,10.9,65,-1.1,,1.4
2498,2021-03-04 19:00:00,+08:00,"Weihe City Tangzhuang Sihe Community, Weihui City, Xinxiang (新乡卫辉市卫辉市唐庄四合社区)",10984,35.466817,114.006549,159,159,86,4.6,18.3,40.3,6.4,57,17.1,99.2,2.1
2499,2021-03-04 19:00:00,+08:00,"Huixian City No. 1 Middle School, Huixian City, Xinxiang (新乡辉县市辉县市一中)",10985,35.451434,113.783608,160,160,88,7.1,17.9,39,6.4,57,17.1,99.4,2.1
2500,2021-02-19 10:00:00,+08:00,"Huiquan Baiquan Hotel, Huixian City, Xinxiang (新乡辉县市辉县市百泉宾馆)",10986,35.2226,113.4384611,15,,,,15.6,14.7,10,49,9.2,,1.8
2501,2021-03-04 19:00:00,+08:00,"Huixian City No 2 Middle School, Huixian City, Xinxiang (新乡辉县市辉县市二中)",10987,35.47722222,113.7869444,152,152,81,6.6,13.8,40.3,6.4,57,17.1,99.2,2.1
2502,2021-03-04 19:00:00,+08:00,"Luoshan County Environmental Protection Bureau, Luoshan County, Xinyang (信阳罗山县罗山县环保局)",10988,32.2054791,114.5035781,63,63,31,2.6,8.3,43.1,5.5,45,17.2,99.5,2.7
2503,2021-03-04 19:00:00,+08:00,"Luoshan County Experimental Middle School, Luoshan County, Xinyang (信阳罗山县罗山县实验中学)",10989,32.19775614,114.509762,44,42,19,2.6,11,43.5,4.6,45,17.2,99.5,2.7
2504,2021-03-04 19:00:00,+08:00,"Luoshan County Industrial Cluster Area, Luoshan County, Xinyang (信阳罗山县罗山县产业集聚区)",10990,32.17593905,114.5449043,87,87,65,4.1,11,40.7,6.4,45,17.2,99.5,2.7
2505,2021-03-04 19:00:00,+08:00,"Guangshan County Industrial Cluster Area, Guangshan County, Xinyang (信阳光山县光山县产业集聚区)",10991,31.97982027,114.9084231,42,42,16,5.6,13.3,36.2,5.5,45,17.2,99.1,2.7
2506,2021-03-04 19:00:00,+08:00,"Guangshan County Environmental Protection Bureau, Guangshan County, Xinyang (信阳光山县光山县环保局)",10992,32.02138889,114.9058333,80,80,36,4.1,10.6,39,6.4,45,17.2,99.1,2.7
2507,2021-03-04 19:00:00,+08:00,"Guangshan County Land and Resources Bureau, Guangshan County, Xinyang (信阳光山县光山县国土局)",10993,32.00625361,114.9140679,68,68,37,3.1,8.7,39,5.5,45,17.2,99.1,2.7
2508,2021-03-04 19:00:00,+08:00,"New County Foreign Studies College, Xinxian, Xinyang (信阳新县新县涉外学院)",10994,31.67583333,114.8780556,39,34,15,3.1,14.7,39.4,6.4,45,17.2,99.2,2.7
2509,,+08:00,"Xinxian Environmental Protection Bureau, Xinxian, Xinyang (信阳新县新县环保局)",10995,31.63583333,114.8672222,-,,,,,,,75.9,26.5,99.8,1
2510,2021-03-04 19:00:00,+08:00,"Xinxian Vocational High School, Xinxian, Xinyang (信阳新县新县职业高中)",10996,31.61083333,114.8708333,61,61,22,2.1,7.8,35.8,5.5,45,17.2,99.2,2.7
2511,2021-03-04 19:00:00,+08:00,"shāngchéng xiàn chǎnyè jíjù qū, shāngchéng xiàn, Xinyang (信阳商城县商城县产业集聚区)",10997,31.93944444,115.4263889,53,46,30,5.1,10.1,53.2,3.7,45,17.2,99.1,2.7
2512,2021-03-04 19:00:00,+08:00,"shāngchéng xiàn huánbǎo jú, shāngchéng xiàn, Xinyang (信阳商城县商城县环保局)",10998,31.80611111,115.4227778,93,93,40,3.6,10.6,45.1,3.7,45,17.2,99.1,2.7
2513,2021-03-04 19:00:00,+08:00,"Huangchuan County Environmental Protection Bureau, Huangchuan County, Xinyang (信阳潢川县潢川县环保局)",10999,32.14725013,115.032199,74,74,34,2.1,9.6,36.6,6.4,45,17.2,99.1,2.7
2514,2021-03-04 19:00:00,+08:00,"Huangchuan County Huaying Processing Second Factory, Huangchuan County, Xinyang (信阳潢川县潢川县华英加工二厂)",11000,32.1234207,115.0053888,36,21,20,4.1,4.6,36.2,6.4,45,17.2,99.1,2.7
2515,2021-03-04 19:00:00,+08:00,"Huangchuan County No. 1 Middle School, Huangchuan County, Xinyang (信阳潢川县潢川县一中)",11001,32.11949694,115.0535058,76,76,47,2.6,9.2,38.2,7.3,45,17.2,99.1,2.7
2516,2021-03-04 19:00:00,+08:00,"Huaibin County Liquor Testing Center, Huaibin County, Xinyang (信阳淮滨县淮滨县白酒检测中心)",11002,32.45555556,115.4283333,55,55,21,2.1,6.9,31.7,5.5,45,17.2,99.1,2.7
2517,2021-03-04 19:00:00,+08:00,"Huaibin County Education Bureau, Huaibin County, Xinyang (信阳淮滨县淮滨县教体局)",11003,32.47666667,115.3983333,42,42,23,3.1,10.1,37.4,4.6,45,17.2,99.1,2.7
2518,2021-03-04 19:00:00,+08:00,"Huaibin Waterworks, Huaibin County, Xinyang (信阳淮滨县淮滨自来水厂)",11004,32.47416667,115.4066667,65,65,37,4.6,11,37.4,2.8,45,17.2,99.1,2.7
2519,2021-03-04 19:00:00,+08:00,"Xixian No. 10 Primary School, Xi County, Xinyang (信阳息县息县第十小学)",11005,32.3325,114.7302778,76,76,39,2.6,12.4,37,4.6,45,17.2,99.5,2.7
2520,2021-03-04 19:00:00,+08:00,"Xixian Industrial Zone, Xi County, Xinyang (信阳息县息县产业区)",11006,32.36540783,114.7732828,76,76,40,4.1,11,29.3,7.3,45,17.2,99.5,2.7
2521,2021-03-04 19:00:00,+08:00,"Xixian County Government, Xi County, Xinyang (信阳息县息县县政府)",11007,32.35305556,114.7458333,63,63,38,2.6,10.6,38.6,5.5,45,17.2,99.5,2.7
2522,2022-06-04 17:00:00,+08:00,"City committee communist party school, Xinxiang (新乡市委党校)",11008,35.28385,113.5922,91,91,50,2.1,8.3,,6.4,61,28,,5.6
2523,2021-03-04 19:00:00,+08:00,"Fugou New District Automatic Station, Fugou County, Zhoukou (周口扶沟县扶沟新区自动站)",11009,34.02425,114.3863056,129,129,56,2.6,9.6,34.2,5.5,63,16.3,,2.8
2524,2021-03-04 19:00:00,+08:00,"Fugou County Dacheng College, Fugou County, Zhoukou (周口扶沟县扶沟县大程书院)",11010,34.05747222,114.3862778,80,80,63,2.6,8.3,35.4,5.5,63,16.3,,2.8
2525,2021-02-28 16:00:00,+08:00,"Xihua County Wastewater Treatment Plant, Xihua County, Zhoukou (周口西华县西华县污水处理厂)",11011,33.79050444,114.5538206,93,93,25,5.6,20.2,8.6,1.9,100,9.8,0.5,0.9
2526,2021-03-04 19:00:00,+08:00,"Xihua County Xinyigao, Xihua County, Zhoukou (周口西华县西华县新一高)",11012,33.80581575,114.5320674,127,127,59,2.1,3.2,39,6.4,63,16.3,0.1,2.8
2527,2021-03-04 19:00:00,+08:00,"Xihua County New Disabled Persons' Federation, Xihua County, Zhoukou (周口西华县西华县新残联)",11013,33.77315716,114.5206423,97,97,53,2.1,8.7,34.2,3.7,63,16.3,0.1,2.8
2528,2021-03-04 19:00:00,+08:00,"Shangshui County Rural Management Office, Shangshui County, Zhoukou (周口商水县商水县农村管理所)",11014,33.56053023,114.6200998,95,95,56,2.1,8.7,32.1,4.6,63,16.3,0.1,2.8
2529,2021-02-06 04:00:00,+08:00,"Shangshui County Kangheng Glass, Shangshui County, Zhoukou (周口商水县商水县康恒玻璃)",11015,33.57126265,114.5985779,155,155,57,4.6,3.2,26,5.5,59,7.9,,1.2
2530,2021-03-04 19:00:00,+08:00,"Shenqiu County Environmental Protection Bureau Automatic Station, Shenqiu County, Zhoukou (周口沈丘县沈丘县环保局自动站)",11016,33.38111244,115.0788777,76,76,51,5.1,23.8,36.6,9.1,63,16.3,0.1,2.8
2531,2021-03-04 19:00:00,+08:00,"Shenqiu County Industrial and Commercial Bureau, Shenqiu County, Zhoukou (周口沈丘县沈丘县工商局)",11017,33.40905837,115.0909276,117,117,58,3.6,9.2,38.2,6.4,63,16.3,0.1,2.8
2532,2021-03-04 19:00:00,+08:00,"Shenqiu County Dazha Park, Shenqiu County, Zhoukou (周口沈丘县沈丘县大闸公园)",11018,33.38844292,115.0733497,127,127,47,2.1,6.9,37.4,4.6,63,16.3,0.1,2.8
2533,2021-03-04 19:00:00,+08:00,"Yucheng County Environmental Protection Bureau Automatic Station, Yucheng County, Zhoukou (周口郸城县郸城县环保局自动站)",11019,33.63920695,115.1679113,114,114,61,3.1,6.9,32.9,5.5,63,16.3,0.1,2.8
2534,2021-03-04 19:00:00,+08:00,"Yucheng County Renfu Pharmaceutical, Yucheng County, Zhoukou (周口郸城县郸城县人福药业)",11020,33.66,115.2091667,119,119,62,6.6,14.2,38.2,9.1,63,16.3,0.1,2.8
2535,2021-03-04 19:00:00,+08:00,"Yucheng County Planning Bureau, Yucheng County, Zhoukou (周口郸城县郸城县规划局)",11021,33.64722222,115.1533333,119,119,61,3.6,6.4,34.2,5.5,63,16.3,0.1,2.8
2536,2021-03-04 19:00:00,+08:00,"Huaiyang County Beiguan Park, Huaiyang County, Zhoukou (周口淮阳县淮阳县北关公园)",11022,33.74640268,114.9020025,122,122,62,3.6,5.5,37.8,5.5,63,16.3,0.1,2.8
2537,2021-03-04 19:00:00,+08:00,"Huaiyang County Environmental Protection Bureau Automatic Station, Huaiyang County, Zhoukou (周口淮阳县淮阳县环保局自动站)",11023,33.74083333,114.8719444,132,132,56,3.6,6.4,34.6,8.2,63,16.3,0.1,2.8
2538,2021-03-04 19:00:00,+08:00,"Taikang County Environmental Protection Bureau Automatic Station, Taikang County, Zhoukou (周口太康县太康县环保局自动站)",11024,34.06858889,114.8209306,151,151,64,3.1,11.9,29.3,8.2,63,16.3,0.1,2.8
2539,2021-03-04 19:00:00,+08:00,"Taikang County Monitoring Brigade, Taikang County, Zhoukou (周口太康县太康县监察大队)",11025,34.06347904,114.8594539,152,152,68,2.6,6.4,31.7,6.4,63,16.3,0.1,2.8
2540,2021-03-04 19:00:00,+08:00,"Taikang County Industrial Zone, Taikang County, Zhoukou (周口太康县太康县产业区)",11026,34.03057222,114.8618889,119,119,63,3.1,,35,8.2,63,16.3,0.1,2.8
2541,2021-03-04 19:00:00,+08:00,"Xiangcheng Party School Automatic Station, xiàng chéngshì, Zhoukou (周口项城市项城市党校自动站)",11027,33.47683333,114.87442,85,85,55,3.1,5.5,42.3,5.5,63,16.3,0.1,2.8
2542,2021-03-04 19:00:00,+08:00,"Xiangcheng Environmental Protection Bureau Automatic Station, xiàng chéngshì, Zhoukou (周口项城市项城市环保局自动站)",11028,33.4500467,114.8767638,112,112,51,3.1,5.5,41.5,6.4,63,16.3,0.1,2.8
2543,2022-06-04 18:00:00,+08:00,"shì yī xiǎo, Sanmenxia (三门峡市一小)",11029,34.79166667,111.1858333,38,38,16,5.1,7.4,26.9,3.2,85.1,20.7,0.4,5
2544,2022-06-04 17:00:00,+08:00,"Lishui River Management Office, Puyang (濮阳濮水河管理处)",11030,35.76806,115.0061,134,134,62,4.1,10.1,,6.4,61.9,29.8,,3
2545,2021-03-04 19:00:00,+08:00,"Xinmi City Armed Forces, Xinmi City, Zhengzhou (郑州新密市新密市武装部)",11031,34.54805556,113.3725,152,152,68,7.6,10.6,39.4,6.4,56,16.7,,3.2
2546,,+08:00,"Xinzheng Xingang Industrial Zone, Xinzheng City, Zhengzhou (郑州新郑市新郑新港产业区)",11032,34.39285957,113.7860582,-,,,,,,,73,26,,1.5
2547,,+08:00,"Dengfeng City Industrial Cluster, Dengfeng City, Zhengzhou (郑州登封市登封市产业集聚区)",11033,34.46833333,113.1316667,-,,,,,,,73.2,26.8,0.1,2
2548,2021-03-04 18:00:00,+08:00,"Jixian Cultural Square, Ji County, Kaifeng (开封杞县杞县文化广场)",11034,34.55647222,114.7332306,142,142,54,6.1,11.5,36.6,7.3,60,17,,2.8
2549,2021-03-04 19:00:00,+08:00,"Tongxu County Experimental Primary School, Tongxu County, Kaifeng (开封通许县通许县实验小学)",11035,34.47605556,114.4568333,154,154,65,5.1,12.4,32.5,7.3,60,17,,2.8
2550,,+08:00,"Tongxu County Industrial Zone, Tongxu County, Kaifeng (开封通许县通许县产业区)",11036,34.48888889,114.4878611,-,,,,,,,73,26,,1.5
2551,,+08:00,"Weishi County Industrial Zone, Weishi County, Kaifeng (开封尉氏县尉氏县产业区)",11037,34.39049,114.19582,-,,,,,,,73,26,,1.5
2552,2021-03-04 19:00:00,+08:00,"Weishi County Labor Bureau, Weishi County, Kaifeng (开封尉氏县尉氏县劳动局)",11038,34.40713056,114.1962444,139,139,51,5.1,13.3,35.8,8.2,60,17,,2.8
2553,2021-03-04 19:00:00,+08:00,"Baofeng County Forestry Bureau, Baofeng County, Pingdingshan (平顶山宝丰县宝丰县林业局)",11039,33.86623021,113.080285,139,139,44,4.6,6,37,5.5,61,15.8,,5.7
2554,2021-03-04 19:00:00,+08:00,"Wugang City Huihui Water, Wugang City, Pingdingshan (平顶山舞钢市舞钢市浩晖水务)",11040,33.28583088,113.5444087,65,65,47,2.6,7.4,34.2,5.5,61,15.8,0.2,5.7
2555,2021-03-04 19:00:00,+08:00,"Wugang City Cadre Apartment, Wugang City, Pingdingshan (平顶山舞钢市舞钢市干部公寓)",11041,33.29833333,113.5152778,76,76,35,3.6,2.3,41.1,4.6,61,15.8,0.2,5.7
2556,2020-11-25 00:00:00,+08:00,"Xiping County Disabled Persons' Federation, Xiping County, Zhumadian (驻马店西平县西平县残联)",11042,33.39476,113.99987,99,99,50,3.6,8.7,16.3,1.9,86,4,99.2,1.1
2557,,+08:00,"Xiping County Vocational Education Center, Xiping County, Zhumadian (驻马店西平县西平县职教中心)",11043,33.38229,114.00152,-,,,,,,,98.8,22.5,1,2
2558,2020-09-26 17:00:00,+08:00,"Shangcai County Heroes Square, Shangcai County, Zhumadian (驻马店上蔡县上蔡县英雄广场)",11044,33.26972,114.27357,142,142,56,9.7,7.8,94.9,18.1,51,25.8,99.7,3
2559,2021-03-04 19:00:00,+08:00,"Cai Mingyuan Square, Shangcai County, Zhumadian (驻马店上蔡县上蔡县蔡明园广场)",11045,33.25802,114.25131,119,119,45,4.1,11.5,39.8,3.7,53,16.5,0.2,3.9
2560,2021-03-04 19:00:00,+08:00,"Shangcai County Justice Bureau, Shangcai County, Zhumadian (驻马店上蔡县上蔡县司法局)",11046,33.27753,114.25271,93,93,38,4.6,11.9,42.7,5.5,53,16.5,0.2,3.9
2561,2021-03-04 19:00:00,+08:00,"Pingyi County Blue Sky Middle School, Pingyi County, Zhumadian (驻马店平舆县平舆县蓝天中学)",11047,32.96512,114.63766,76,76,52,5.1,9.6,40.3,6.4,53,16.5,0.2,3.9
2562,2020-12-31 20:00:00,+08:00,"Pingyi County Housing and Construction Bureau, Pingyi County, Zhumadian (驻马店平舆县平舆县住建局)",11048,32.9725,114.60361,91,91,47,6.1,12.8,27.3,12.7,55,-3.4,99.1,1.9
2563,2021-03-04 19:00:00,+08:00,"Pingyi County Environmental Protection Bureau Automatic Station, Pingyi County, Zhumadian (驻马店平舆县平舆县环保局自动站)",11049,32.95806,114.61599,89,89,52,3.6,8.7,37,6.4,53,16.5,0.2,3.9
2564,2021-03-04 19:00:00,+08:00,"Zhengyang County Family Planning Service Station, Zhengyang County, Zhumadian (驻马店正阳县正阳县计生服务站)",11050,32.60278,114.35995,70,70,38,4.6,12.8,37.4,5.5,53,16.5,0.2,3.9
2565,2021-03-04 19:00:00,+08:00,"què shān xiàn jiāncè zhàn zìdòng zhàn, què shān xiàn, Zhumadian (驻马店确山县确山县监测站自动站)",11051,32.81743,114.01963,72,72,37,4.6,17,37,4.6,53,16.5,0.2,3.9
2566,2021-02-25 15:00:00,+08:00,"què shān xiàn chǎnyè jíjù qū, què shān xiàn, Zhumadian (驻马店确山县确山县产业集聚区)",11052,32.82638,114.04862,-,162,53,15.2,,15.1,12.7,100,2.9,99.4,4.7
2567,2021-03-04 19:00:00,+08:00,"Panlong Mountain, què shān xiàn, Zhumadian (驻马店确山县确山县盘龙山)",11053,32.7973,113.99932,97,97,63,6.1,8.3,36.6,5.5,53,16.5,0.2,3.9
2568,2021-03-04 19:00:00,+08:00,"Biyang County Urban Construction Bureau, Biyang County, Zhumadian (驻马店泌阳县泌阳县城建局)",11054,32.74007,113.32322,91,91,46,3.1,8.7,37.4,6.4,53,16.5,0.2,3.9
2569,2021-03-04 19:00:00,+08:00,"Biyang County Environmental Protection Bureau Automatic Station, Biyang County, Zhumadian (驻马店泌阳县泌阳县环保局自动站)",11055,32.72224,113.33449,112,112,43,2.6,8.3,35,4.6,53,16.5,0.2,3.9
2570,2021-03-04 19:00:00,+08:00,"Yinan County Water Plant, Yinan County, Zhumadian (驻马店汝南县汝南县水厂)",11056,33.00805,114.3243,89,89,46,6.1,12.8,38.6,3.7,53,16.5,0.2,3.9
2571,2020-11-28 17:00:00,+08:00,"Yinan County Environmental Protection Bureau Automatic Station, Yinan County, Zhumadian (驻马店汝南县汝南县环保局自动站)",11057,32.99635,114.35179,158,158,78,7.6,19.2,12.2,8.2,71,4.8,99.6,0.4
2572,2021-03-04 19:00:00,+08:00,"Fuping County Meteorological Bureau, Luanping County, Zhumadian (驻马店遂平县遂平县气象局)",11058,33.14893,113.96069,97,97,51,6.1,7.4,42.3,4.6,53,16.5,0.2,3.9
2573,2020-11-29 20:00:00,+08:00,"Luanping County Equipment Factory, Luanping County, Zhumadian (驻马店遂平县遂平县设备厂)",11059,33.14606,114.01569,183,183,102,6.6,26.6,13.5,10.9,96,3.8,99.6,1.1
2574,2021-03-04 18:00:00,+08:00,"Luanping County Experimental Middle School, Luanping County, Zhumadian (驻马店遂平县遂平县实验中学)",11060,33.13909,113.99223,63,63,48,6.6,3.7,43.9,5.5,53,16.5,0.2,3.9
2575,2022-06-04 17:00:00,+08:00,"Xincai County East Lake Management Office, Xincai county (新蔡县新蔡县东湖管理处)",11061,32.755015,114.989814,65,65,19,2.6,1.4,26,5,72.8,29.9,2,1
2576,2021-03-04 19:00:00,+08:00,"mínquán dōngfāng shāngwù, Minquan County, Shangqiu (商丘民权县民权东方商务)",11062,34.63222222,115.1561111,137,137,56,5.1,11.9,39.4,7.3,63,14.3,1.3,2
2577,,+08:00,"mínquán chāoyuè fúshì, Minquan County, Shangqiu (商丘民权县民权超越服饰)",11063,34.61222222,115.1327778,-,,,,,,,69.8,27.3,99.2,1
2578,2021-03-04 19:00:00,+08:00,"mínquán yāncǎo jú, Minquan County, Shangqiu (商丘民权县民权烟草局)",11064,34.64861111,115.1777778,132,132,58,3.6,10.1,39.8,6.4,63,14.3,1.3,2
2579,2020-08-09 13:00:00,+08:00,"Jixian Industrial Cluster, Ji County, Shangqiu (商丘睢县睢县产业聚集区)",11065,34.46249,115.0583,85,85,,,,,,65.9,30.8,99,2
2580,2021-03-04 19:00:00,+08:00,"Jixian County Industry and Commerce Bureau, Ji County, Shangqiu (商丘睢县睢县工商局)",11066,34.44609,115.06808,134,134,54,3.1,7.8,41.9,3.7,63,14.3,1.3,2
2581,2021-03-04 19:00:00,+08:00,"Jixian Environmental Protection Bureau Automatic Station, Ji County, Shangqiu (商丘睢县睢县环保局自动站)",11067,34.44412,115.08946,139,139,57,2.6,9.2,35.8,2.8,63,14.3,1.3,2
2582,2021-03-04 19:00:00,+08:00,"Ningling Archives, Ningling County, Shangqiu (商丘宁陵县宁陵档案馆)",11068,34.47500833,115.3057278,124,124,54,4.1,6.4,40.3,6.4,63,14.3,1.3,2
2583,2021-03-04 19:00:00,+08:00,"Ningling County Government, Ningling County, Shangqiu (商丘宁陵县宁陵县政府)",11069,34.46298667,115.3082963,119,119,25,5.1,6.9,40.3,8.2,63,14.3,1.3,2
2584,2021-03-04 19:00:00,+08:00,"Yucheng County Xueyuan Middle School, Yucheng County, Shangqiu (商丘柘城县柘城县学苑中学)",11070,34.10415273,115.3227412,122,122,55,5.1,11.5,44.7,8.2,63,14.3,0.1,2
2585,2021-03-04 19:00:00,+08:00,"Yucheng County Government, Yucheng County, Shangqiu (商丘柘城县柘城县政府)",11071,34.09316421,115.299997,129,129,41,3.1,7.4,37.4,6.4,63,14.3,0.1,2
2586,2021-03-04 19:00:00,+08:00,"Yucheng County, Yucheng County, Shangqiu (商丘柘城县柘城县一高)",11072,34.07821486,115.2753241,70,70,56,,,,,63,14.3,0.1,2
2587,2021-03-04 19:00:00,+08:00,"Yucheng Jincheng Industry, Yucheng County, Shangqiu (商丘虞城县虞城锦城实业)",11073,34.39305556,115.8055556,39,,39,8.7,,,,63,14.3,0.1,2
2588,2021-03-04 19:00:00,+08:00,"Yucheng Vehicle Management Institute West, Yucheng County, Shangqiu (商丘虞城县虞城车管所西)",11074,34.41287168,115.8466617,149,149,72,2.6,8.3,39.4,6.4,63,14.3,0.1,2
2589,2021-03-04 19:00:00,+08:00,"Yucheng County Government Automatic Station, Yucheng County, Shangqiu (商丘虞城县虞城县政府自动站)",11075,34.40166667,115.8238889,156,156,56,4.6,12.4,38.2,6.4,63,14.3,0.1,2
2590,2021-03-04 19:00:00,+08:00,"Xiayu County Committee Automatic Station, Xiayu County, Shangqiu (商丘夏邑县夏邑县委自动站)",11076,34.23881014,116.1264296,109,109,48,2.1,7.8,37.4,5.5,63,14.3,0.1,2
2591,2021-03-04 19:00:00,+08:00,"Xia Wei Planning Center, Xiayu County, Shangqiu (商丘夏邑县夏邑规划中心)",11077,34.22998567,116.1613037,119,119,50,3.1,10.1,36.2,5.5,63,14.3,0.1,2
2592,2021-03-04 19:00:00,+08:00,"Xia Yi Trading Port, Xiayu County, Shangqiu (商丘夏邑县夏邑商贸港)",11078,34.21048601,116.1207219,82,82,48,3.6,9.6,26,5.5,63,14.3,0.1,2
2593,2021-03-04 19:00:00,+08:00,"Nanzhao County Industrial Zone, Nanzhao County, Nanyang (南阳南召县南召县工业区)",11079,33.4605,112.4408889,104,104,53,1.1,5.1,36.6,8.2,62,15.7,,2.7
2594,2021-03-04 19:00:00,+08:00,"Nanzhao County Siyuan Experimental School, Nanzhao County, Nanyang (南阳南召县南召县思源实验学校)",11080,33.50822222,112.4163611,129,129,61,3.6,6.9,41.1,5.5,62,15.7,,2.7
2595,2021-03-04 19:00:00,+08:00,"Fangcheng County Industrial Zone, Fangcheng County, Nanyang (南阳方城县方城县产业区)",11081,33.22416667,112.9830556,117,117,47,2.6,4.2,26,7.3,62,15.7,99.9,2.7
2596,2021-03-04 19:00:00,+08:00,"Xixia County Xiaguang High-Tech, Xixia County, Nanyang (南阳西峡县西峡县霞光高科)",11082,33.33091667,111.51175,114,114,45,4.6,4.6,42.7,10,62,15.7,,2.7
2597,2021-03-04 19:00:00,+08:00,"Xixia County Planning Bureau, Xixia County, Nanyang (南阳西峡县西峡县规划局)",11083,33.31044444,111.46625,152,152,67,5.1,10.1,37,7.3,62,15.7,,2.7
2598,2021-03-04 19:00:00,+08:00,"Zhenping County Yudu School, Zhenping County, Nanyang (南阳镇平县镇平县玉都学校)",11084,33.03530556,112.1990278,99,99,59,3.6,1,34.6,6.4,62,15.7,,2.7
2599,2021-03-04 19:00:00,+08:00,"Zhenping County Teacher Training School, Zhenping County, Nanyang (南阳镇平县镇平县教师进修学校)",11085,33.03908333,112.2448333,112,112,54,2.6,10.1,30.1,6.4,62,15.7,,2.7
2600,2021-03-04 19:00:00,+08:00,"Neixiang County Pengxiang Technology, Neixiang County, Nanyang (南阳内乡县内乡县鹏翔科技)",11086,33.05888889,111.8631111,112,112,56,3.1,1.9,39.4,9.1,62,15.7,,2.7
2601,2021-03-04 19:00:00,+08:00,"Suichuan Zhengwan Community, Luanchuan County, Nanyang (南阳淅川县淅川郑湾社区)",11087,33.14472222,111.4955556,99,99,53,3.1,14.2,30.1,4.6,62,15.7,,2.7
2602,2021-03-04 19:00:00,+08:00,"Substation of Shangji Town Government, Luanchuan County, Nanyang (南阳淅川县淅川县上集镇政府子站)",11088,33.10902778,111.5364444,76,76,54,2.6,6,17.9,5.5,62,15.7,,2.7
2603,2021-03-04 19:00:00,+08:00,"Sheqi County Police Police Training Center, Sheqi County, Nanyang (南阳社旗县社旗县法警培训中心)",11089,33.03188889,112.9120278,80,80,55,3.6,8.7,30.1,5.5,62,15.7,99.9,2.7
2604,2021-03-04 19:00:00,+08:00,"Sheqi County Committee, Sheqi County, Nanyang (南阳社旗县社旗县委)",11090,33.0595,112.9420833,132,132,59,3.1,9.6,30.9,8.2,62,15.7,99.9,2.7
2605,2021-03-04 19:00:00,+08:00,"Tanghe County Yingcai College School, Tanghe County, Nanyang (南阳唐河县唐河县英才书院学校)",11091,32.68911111,112.8015556,129,129,53,6.6,8.3,36.6,4.6,62,15.7,99.9,2.7
2606,2021-03-04 19:00:00,+08:00,"Tanghe County Industrial Zone Hospital, Tanghe County, Nanyang (南阳唐河县唐河县工业区医院)",11092,32.66013889,112.8478889,76,76,30,3.6,9.6,37.4,1.9,62,15.7,99.9,2.7
2607,2021-03-04 19:00:00,+08:00,"Xinye County Environmental Protection Bureau Automatic Station, Xinye County, Nanyang (南阳新野县新野县环保局自动站)",11093,32.50111111,112.3688889,63,63,51,1.6,8.7,29.3,10,62,15.7,0.2,2.7
2608,2021-03-04 19:00:00,+08:00,"Xinye County Deaf School, Xinye County, Nanyang (南阳新野县新野县聋哑学校)",11094,32.53611111,112.36,139,139,61,4.6,9.6,34.2,5.5,62,15.7,0.2,2.7
2609,2021-03-04 19:00:00,+08:00,"Tongbai County Land and Resources Bureau, Tongbai County, Nanyang (南阳桐柏县桐柏县国土局)",11095,32.36519444,113.3963056,97,97,34,2.6,10.1,36.6,7.3,62,15.7,99.5,2.7
2610,2021-03-04 19:00:00,+08:00,"Tongbai County Citizen's House, Tongbai County, Nanyang (南阳桐柏县桐柏县市民之家)",11096,32.36661111,113.4423333,95,95,28,3.6,9.6,39,6.4,62,15.7,99.5,2.7
2611,2022-06-04 17:00:00,+08:00,"No. 2 Middle School, Anyang County, Anyang (安阳安阳县安阳县瓦店乡二中)",11097,36.01944444,114.5811111,97,97,81,3.6,6,35,8.3,61.9,29.8,,3
2612,2022-06-04 17:00:00,+08:00,"Huaxian Sixth Middle School, Huaxian (滑县滑县六中)",11098,35.548377,114.52599,93,93,51,3.6,4.6,57.1,4.3,61.9,29.8,,3
2613,,+08:00,"Inner Huangzao Township Holidays, Neihuang County, Anyang (安阳内黄县内黄枣乡度假)",11099,35.95884638,114.8902481,-,,,,,,,98.8,24.6,0.1,1
2614,2022-06-04 17:00:00,+08:00,Hebi (鹤壁),5847,35.747225,114.297273,68,68,50,5.1,7.4,,5.5,61.9,29.8,,3
2615,2022-06-04 17:00:00,+08:00,Xinxiang (新乡),5848,35.302928,113.926975,104,104,58,2.6,11,,7.3,61,28,0.1,5.6
2616,2022-06-04 17:00:00,+08:00,Puyang (濮阳),5849,35.761829,115.029216,132,132,66,3.6,9.2,,5.5,61.9,29.8,0.1,3
2617,2022-06-04 17:00:00,+08:00,Xuchang (许昌),5850,34.035506,113.85264,89,89,55,2.6,4.2,,6.4,61,28,,5.6
2618,2022-06-04 17:00:00,+08:00,Nanyang (南阳),5851,32.990833,112.528322,55,55,39,2.6,5.5,,1.9,24,25,,0.8
2619,,+08:00,Shangqiu (商丘),5852,34.414172,115.65637,-,,,,,,,59,31.8,99.1,3
2620,2022-06-04 16:00:00,+08:00,Zhoukou (周口),5853,33.626149,114.696951,74,53,74,1.6,2.8,43.1,7.3,57,32.2,99.3,5
2621,2022-06-04 18:00:00,+08:00,Jiyuan (济源),5854,35.067243,112.601919,99,99,46,3.1,10.1,30.9,6,85.3,22.5,1.2,4
2622,2022-06-04 17:00:00,+08:00,"Economic Development Zone EPA, Changsha (长沙经开区环保局)",1322,28.2325,113.0833,63,63,28,1.1,4.6,22,7.3,83,29,,0.5
2623,2022-06-04 17:00:00,+08:00,"High-tech Zone EPA, Changsha (长沙高开区环保局)",1323,28.2189,112.8872,57,57,9,3.1,1.9,24,2.8,83,29,,0.5
2624,2022-06-04 17:00:00,+08:00,"Mapoling, Changsha (长沙马坡岭)",1324,28.2053,113.0792,55,55,36,1.6,2.8,28.1,8.2,83,29,,0.5
2625,2022-06-04 16:00:00,+08:00,"Hunan Normal University, Changsha (长沙湖南师范大学)",1325,28.19,112.9394,50,50,23,2.6,1,22,2.8,83,29,,0.5
2626,2022-06-04 17:00:00,+08:00,"Yuqua District EPB, Changsha (长沙雨花区环保局)",1326,28.1442,112.9956,61,61,16,2.6,2.3,29.3,7.3,83,29,,0.5
2627,2022-06-04 17:00:00,+08:00,"Wujialing, Changsha (长沙伍家岭)",1327,28.2597,112.9792,42,42,29,0.6,1.4,27.7,10,83,29,,0.5
2628,2022-06-04 17:00:00,+08:00,"New train station, Changsha (长沙火车新站)",1328,28.1944,113.0014,59,59,24,2.6,2.3,26.4,2.8,83,29,,0.5
2629,2022-06-04 17:00:00,+08:00,"Tianxin District EPB, Changsha (长沙天心区环保局)",1329,28.1178,112.9844,63,63,24,1.6,1,23.6,5.5,83,29,,0.5
2630,2022-06-04 17:00:00,+08:00,"Hunan University of Traditional Chinese Medicine, Changsha (长沙湖南中医药大学)",1330,28.1308,112.8908,76,76,40,1.6,3.7,28.5,3.7,83,29,,0.5
2631,2021-03-19 08:00:00,+08:00,"Shaping, Changsha (长沙沙坪)",1331,28.3586,112.9958,46,46,18,2.6,4.6,16.3,7.3,93,10,,3.6
2632,2022-06-04 17:00:00,+08:00,"Bǎn táng, Xiangtan (湘潭板塘)",1424,27.8614,112.9433,61,61,30,3.1,9.2,21.6,10,83,29,,0.5
2633,2022-06-04 17:00:00,+08:00,"City Monitoring Station, Xiangtan (湘潭市监测站)",1425,27.8403,112.9118,65,65,31,6.6,10.6,23.2,9.1,83,29,,0.5
2634,2022-06-04 17:00:00,+08:00,"Jiāng lù, Xiangtan (湘潭江麓)",1426,27.8728,112.8937,30,30,20,5.6,5.1,26.9,3.7,83,29,,0.5
2635,2022-06-04 17:00:00,+08:00,"Yuè táng, Xiangtan (湘潭岳塘)",1427,27.8159,112.9227,27,65,21,4.6,5.1,26.9,5.5,83,29,,0.5
2636,2022-06-04 17:00:00,+08:00,"HKUST, Xiangtan (湘潭科大)",1428,27.9119,112.9074,24,17,24,1.6,4.6,15.1,10.9,83,29,,0.5
2637,2022-06-04 17:00:00,+08:00,"Zhāoshān, Xiangtan (湘潭昭山)",1429,27.9153,113.0048,19,76,11,2.1,8.3,19.1,9.1,83,29,,0.5
2638,2021-03-19 08:00:00,+08:00,"Sháoshān, Xiangtan (湘潭韶山)",1430,27.9164,112.4876,19,13,15,2.1,3.7,18.7,5.5,93,10,,3.6
2639,2022-06-04 16:00:00,+08:00,"Tiāntái shānzhuāng, Zhuzhou (株洲天台山庄)",1431,27.8244,113.135,68,68,11,4.1,6,23.6,7.3,83,29,,0.5
2640,2022-06-04 17:00:00,+08:00,"Zhuye Hospital, Zhuzhou (株洲株冶医院)",1432,27.8867,113.095,57,57,22,4.1,6.4,28.5,5.5,83,29,,0.5
2641,2022-06-04 17:00:00,+08:00,"No.4 middle school, Zhuzhou (株洲市四中)",1433,27.8667,113.167,61,61,14,2.1,4.2,30.9,6.4,83,29,,0.5
2642,2022-06-04 17:00:00,+08:00,"Railway station, Zhuzhou (株洲火车站)",1434,27.8381,113.143,63,63,20,2.1,6.9,24,4.6,83,29,,0.5
2643,2022-06-04 17:00:00,+08:00,"City Monitoring Station, Zhuzhou (株洲市监测站)",1435,27.8528,113.13,33,13,18,2.1,4.6,32.5,2.8,83,29,,0.5
2644,2021-03-19 08:00:00,+08:00,"Dajing, Zhuzhou (株洲大京风景区)",1436,27.8336,113.251,72,72,4,2.6,6.4,10.6,3.7,93,10,,3.6
2645,2022-06-04 17:00:00,+08:00,"South Lake Scenic Area, Yueyang (岳阳南湖风景区)",4455,29.3578,113.1094,53,53,14,4.1,1,38.2,4.6,81.9,28.7,5.9,2
2646,2021-03-19 08:00:00,+08:00,"Jinfeng Reservoir, Yueyang (岳阳金凤水库)",4460,29.355,113.2117,80,80,25,2.6,6.9,12.6,6.4,100,7.7,99.6,3
2647,2022-06-04 17:00:00,+08:00,"Yunxi District, Yueyang (岳阳云溪区)",4458,29.4758,113.2621,42,42,5,5.6,2.8,32.5,6.4,81.9,28.7,5.9,2
2648,2022-06-04 17:00:00,+08:00,"Junshan, Yueyang (岳阳君山区)",4459,29.4402,112.9943,46,46,20,2.6,1.4,38.6,7.3,81.9,28.7,5.9,2
2649,2022-06-04 17:00:00,+08:00,"Chenglingji, Yueyang (岳阳城陵矶)",4456,29.4251,113.1493,65,65,21,4.1,5.1,29.7,5.5,81.9,28.7,5.9,2
2650,2022-06-04 17:00:00,+08:00,"BDA, Yueyang (岳阳开发区)",4457,29.3678,113.1772,57,57,26,4.1,1,34.2,4.6,81.9,28.7,5.9,2
2651,,+08:00,"Dingcheng District EPB, Changde (常德鼎城区环保局)",3867,29.0239,111.6753,-,,,,,,,86.3,4.8,1.7,2
2652,2021-03-19 08:00:00,+08:00,"báihè shān, Changde (常德白鹤山)",11327,29.1456,111.7158,89,89,40,4.1,6.9,17.9,4.6,7.5,28.5,,4.6
2653,,+08:00,"Municipal Technical Supervision Bureau, Changde (常德市技术监督局)",3868,29.0381,111.6794,-,,,,,,,86.3,4.8,1.7,2
2654,2022-06-04 17:00:00,+08:00,"No.2 middle school, Changde (常德市二中)",3866,28.9703,111.6975,30,25,9,2.1,0.5,29.7,4.6,76.1,31,99.3,2
2655,,+08:00,"City Monitoring Station, Changde (常德市监测站)",4427,29.0244,111.7044,-,,,,,,,86.3,4.8,1.7,2
2656,2021-03-19 08:00:00,+08:00,"Yuanjiajie, Zhangjiajie (张家界袁家界)",3865,29.315,110.4417,21,21,15,0.6,5.5,13.9,4.6,89.1,8.8,99.4,2
2657,2022-06-04 17:00:00,+08:00,"Power Administration Bureau, Zhangjiajie (张家界电业局)",3864,29.1242,110.4697,23,5,7,1.1,1,23.2,1,64.8,31.2,99.1,3
2658,2022-06-04 17:00:00,+08:00,"Yongding District, Zhangjiajie (张家界永定新区)",4453,29.1389,110.48,30,30,7,0.6,1.4,27.3,1.9,64.8,31.2,99.1,3
2659,2022-06-04 17:00:00,+08:00,"Weiyang Road, Zhangjiajie (张家界未央路)",4454,29.3547,110.5594,28,25,10,1.6,1.4,27.7,2.8,64.8,31.2,99.1,3
2660,2022-06-04 16:00:00,+08:00,Changsha (长沙),1532,28.228209,112.938814,50,50,20,3.1,1.4,24.8,2.8,88,28,,2.5
2661,2022-06-04 17:00:00,+08:00,Xiangtan (湘潭),1534,27.829738,112.944049,65,65,30,6.6,10.6,26.9,10.9,83,29,,0.5
2662,2022-06-04 17:00:00,+08:00,Yueyang (岳阳),1535,29.357104,113.128958,65,65,26,5.6,5.1,38.6,7.3,81.9,28.7,5.9,2
2663,2022-06-04 17:00:00,+08:00,Changde (常德),1536,29.031673,111.698497,37,30,17,3.1,1,37,6.4,76.1,31,99.3,2
2664,2022-06-04 17:00:00,+08:00,Zhangjiajie (张家界),1537,29.117096,110.479191,30,30,7,1.6,1.4,27.7,1.9,64.8,31.2,99.1,3
2665,2022-06-04 17:00:00,+08:00,"Yuntian middle school, Zhuzhou (株洲云田中学)",7811,27.9958,113.1817,25,25,9,2.6,2.3,22.4,4.6,83,29,,0.5
2666,2021-03-19 08:00:00,+08:00,"Institute of Forestry, Huaihua (怀化林科所)",7812,27.5733,109.9333,17,17,12,2.1,2.3,16.7,5.5,91,9.7,99.3,3
2667,2022-06-04 17:00:00,+08:00,"Hexi Inland Revenue Department, Huaihua (怀化河西地税局)",7813,27.5444,109.9453,29,17,6,3.6,2.3,29.3,5.5,73.2,29.2,4.4,1
2668,2022-06-04 17:00:00,+08:00,"City hopital No 4, Huaihua (怀化市四医院)",7814,27.5342,109.9792,74,74,21,2.6,2.8,28.1,4.6,73.2,29.2,4.4,1
2669,2022-06-04 17:00:00,+08:00,"jiāncè lóu, Huaihua (怀化监测楼)",7815,27.5578,109.9972,34,30,17,1.6,4.2,34.2,6.4,73.2,29.2,4.4,1
2670,2022-06-04 17:00:00,+08:00,"City committee communist party school, Huaihua (怀化市委党校)",7816,27.583,110.0394,55,55,34,3.6,2.8,30.5,8.2,73.2,29.2,4.4,1
2671,2021-03-19 08:00:00,+08:00,"yuán 169 yīyuàn, Hengyang (衡阳原169医院)",7817,26.9089,112.5328,21,21,11,4.6,7.4,6.1,5.5,100,14.5,1.1,7
2672,2022-06-04 17:00:00,+08:00,"Hengyang Chemical Plant, Hengyang (衡阳衡阳化工总厂)",7818,26.9258,112.6194,61,61,39,2.6,5.5,20.4,5.5,98.8,21.1,99.2,8
2673,2022-06-04 17:00:00,+08:00,"Chu Hui District Environmental Protection Bureau, Hengyang (衡阳珠晖区环保局)",7819,26.8956,112.6211,25,,25,1.6,3.2,25.2,5.5,98.8,21.1,99.2,8
2674,2022-06-04 17:00:00,+08:00,"City committee communist party school, Hengyang (衡阳市委党校)",7820,26.8733,112.6197,55,55,30,3.6,2.8,25.2,4.6,98.8,21.1,99.2,8
2675,2022-06-04 17:00:00,+08:00,"zhēnkōng jīdiàn gōngsī, Hengyang (衡阳真空机电公司)",7821,26.9056,112.5664,53,53,36,3.1,2.8,24.4,6.4,98.8,21.1,99.2,8
2676,2022-06-04 17:00:00,+08:00,"City Monitoring Station, Hengyang (衡阳市监测站)",7822,26.8919,112.6006,61,61,23,4.6,4.6,24.8,5.5,98.8,21.1,99.2,8
2677,2021-03-19 08:00:00,+08:00,"shì shuǐtǔ suǒ, Shaoyang (邵阳市水土所)",7823,27.3033,111.5239,42,42,29,5.1,6,6.5,6.4,100,9.3,,2
2678,2022-06-04 17:00:00,+08:00,"shì yī zhōng, Shaoyang (邵阳市一中)",7824,27.2317,111.4733,55,55,22,2.6,2.3,23.6,2.8,83.9,28.7,0.6,1
2679,2022-06-04 17:00:00,+08:00,"shì huàgōng chǎng, Shaoyang (邵阳市化工厂)",7825,27.2582,111.4908,59,59,18,2.1,2.3,25.6,1.9,83.9,28.7,0.6,1
2680,2022-06-04 17:00:00,+08:00,"shì guàntóu chǎng, Shaoyang (邵阳市罐头厂)",7826,27.2537,111.4503,42,42,24,3.1,4.2,21.6,3.7,83.9,28.7,0.6,1
2681,2022-06-04 17:00:00,+08:00,"City EPA, Shaoyang (邵阳市环保局)",7827,27.2272,111.4328,59,59,28,2.6,8.7,17.9,3.7,83.9,28.7,0.6,1
2682,2021-03-19 08:00:00,+08:00,"gān xī gǎng, Yiyang (益阳甘溪港)",7073,28.6428,112.4067,50,50,37,0.6,3.7,15.1,7.3,93,10,,3.6
2683,2022-06-04 17:00:00,+08:00,"City EPA, Yiyang (益阳市环保局)",7074,28.5808,112.3458,72,72,26,0.6,5.1,27.3,6.4,83,29,,0.5
2684,2022-06-04 17:00:00,+08:00,"shì tèshū jiàoyù xuéxiào, Yiyang (益阳市特殊教育学校)",7075,28.56,112.3439,57,57,34,1.1,3.2,28.5,7.3,83,29,,0.5
2685,2022-06-04 17:00:00,+08:00,"Ziyang government center, Yiyang (益阳资阳区政务中心)",7076,28.6047,112.3347,70,70,23,0.6,6.4,25.2,7.3,83,29,,0.5
2686,2022-06-04 17:00:00,+08:00,"Heshan Environmental Protection Branch, Yiyang (益阳赫山环保分局)",7077,28.5819,112.3744,27,21,27,0.6,8.3,20.8,5.5,83,29,,0.5
2687,2021-03-19 08:00:00,+08:00,"mǎ tóu lǐng, Chenzhou (郴州马头岭)",7828,25.9061,113.0073,42,42,19,2.1,7.8,2.1,7.3,98,12.3,99.1,3
2688,2022-06-04 17:00:00,+08:00,"shì zhí zhōng, Chenzhou (郴州市职中)",7829,25.8226,113.0116,29,17,20,5.1,3.2,28.9,4.6,73.1,28.6,0.1,8
2689,2022-06-04 17:00:00,+08:00,"xīnglóng bùxíngjiē, Chenzhou (郴州兴隆步行街)",7830,25.8179,113.0119,53,53,17,5.1,3.7,27.7,3.7,73.1,28.6,0.1,8
2690,2022-06-04 17:00:00,+08:00,"City Accounting Office, Chenzhou (郴州市审计局)",7831,25.8071,113.0383,42,42,23,2.6,3.7,26.4,3.7,73.1,28.6,0.1,8
2691,2022-06-04 16:00:00,+08:00,"City EPA, Chenzhou (郴州市环保局)",7832,25.7759,113.0348,97,97,23,3.1,3.7,27.3,1.9,73.1,28.6,0.1,8
2692,2021-03-19 08:00:00,+08:00,"líng língnán jīn dù, Yongzhou (永州零陵南津渡)",7078,26.2081,111.6217,63,63,16,3.1,6.9,5.3,6.4,94.8,11.5,99.4,5
2693,2022-06-04 17:00:00,+08:00,"City Environmental Monitoring Station, Yongzhou (永州市环境监测站)",7079,26.4214,111.6156,55,55,25,3.6,1.9,22,4.6,86,30.1,0.1,1
2694,2022-06-04 17:00:00,+08:00,"Lingling District Environmental Protection Bureau, Yongzhou (永州零陵区环保局)",7080,26.2331,111.6236,59,59,30,4.1,2.8,19.5,3.7,86,30.1,0.1,1
2695,2022-06-04 17:00:00,+08:00,"Yongzhou EPA, Yongzhou (永州永州市环保局)",7081,26.4364,111.5992,72,72,25,2.6,1.9,17.5,5.5,86,30.1,0.1,1
2696,2022-06-04 17:00:00,+08:00,"Lengshuitan District Environmental Protection Bureau, Yongzhou (永州冷水滩区环保局)",7082,26.4519,111.5989,74,74,30,3.6,3.2,19.5,4.6,86,30.1,0.1,1
2697,2021-03-19 08:00:00,+08:00,"Television transmitters, Loudi (娄底电视发射台)",7833,27.725,111.9975,17,17,9,1.6,3.7,15.5,4.6,100,9.3,,2
2698,2022-06-04 17:00:00,+08:00,"City committee communist party school, Loudi (娄底市委党校)",7834,27.7314,112.0194,59,59,17,2.6,1.4,20.4,4.6,98.8,21.1,99.2,8
2699,2022-06-04 17:00:00,+08:00,"lián gāng, Loudi (娄底涟钢)",7835,27.7569,111.9561,72,72,28,8.7,11.5,17.1,8.2,83.9,28.7,0.6,1
2700,2022-06-04 17:00:00,+08:00,"City government, Loudi (娄底市政府)",7836,27.7044,111.9892,63,63,27,2.1,1.4,23.6,3.7,83.9,28.7,0.6,1
2701,2022-06-04 17:00:00,+08:00,"City Monitoring Station, Loudi (娄底市监测站)",7837,27.725,111.9975,74,74,23,2.1,1,21.6,3.7,83.9,28.7,0.6,1
2702,2021-03-19 08:00:00,+08:00,"Yuejin reservoir, Xiangxi (湘西跃进水库)",7083,28.2558,109.6414,25,25,8,3.1,2.3,17.9,3.7,76.1,9.3,2.5,3
2703,2021-03-19 08:00:00,+08:00,"zhōu zhèngfǔ, Xiangxi (湘西州政府)",7084,28.3169,109.7325,38,38,11,0.6,4.6,20.8,5.5,76.1,9.3,2.5,3
2704,2021-03-19 08:00:00,+08:00,"jíshǒu shì jìshēng jú, Xiangxi (湘西吉首市计生局)",7085,28.2675,109.6958,21,21,10,2.6,5.1,19.1,1,76.1,9.3,2.5,3
2705,2022-06-04 17:00:00,+08:00,"武陵区长庚, Changde (常德武陵区长庚)",11326,29.0531,111.6625,37,30,17,3.1,1,37,6.4,76.1,31,99.3,2
2706,2021-03-19 08:00:00,+08:00,"báihè shān, Changde (常德白鹤山)",11327,29.1456,111.7158,89,89,40,4.1,6.9,17.9,4.6,7.5,28.5,,4.6
2707,2022-06-04 17:00:00,+08:00,Huaihua (怀化),7904,27.569517,110.001923,34,30,17,1.6,4.2,34.2,8.2,73.2,29.2,4.4,1
2708,2022-06-04 17:00:00,+08:00,Hengyang (衡阳),7905,26.893231,112.571997,53,53,36,3.1,2.8,24.4,6.4,98.8,21.1,99.2,8
2709,2022-06-04 17:00:00,+08:00,Shaoyang (邵阳),7906,27.238893,111.467791,55,55,22,2.6,2.3,23.6,2.8,83.9,28.7,0.6,1
2710,2022-06-04 17:00:00,+08:00,Yiyang (益阳),7907,28.55386,112.35518,57,57,34,0.6,3.2,28.5,7.3,83,29,,0.5
2711,2022-06-04 16:00:00,+08:00,Chenzhou (郴州),7908,25.77051,113.014718,97,97,19,3.1,3.7,27.7,1.9,73.1,28.6,0.1,8
2712,2022-06-04 17:00:00,+08:00,Yongzhou (永州),7909,26.420394,111.613445,55,55,25,3.6,1.9,22,4.6,86,30.1,0.1,1
2713,2022-06-04 17:00:00,+08:00,Loudi (娄底),7910,27.700063,111.993497,63,63,27,2.1,1.4,23.6,3.7,83.9,28.7,0.6,1
2714,2021-01-01 01:00:00,+08:00,"Zhenning Garden, Nanning (南宁振宁花园)",1332,22.7875,108.301,99,99,53,10.2,14.7,22,9.1,70,5,,1.5
2715,2022-06-04 17:00:00,+08:00,"Běihú, Nanning (南宁北湖)",1333,22.8561,108.316,61,61,37,2.1,3.7,32.9,5.5,79,32,,3.6
2716,2022-06-04 17:00:00,+08:00,"City Monitoring Station, Nanning (南宁市监测站)",1334,22.8225,108.321,59,59,24,3.1,3.7,32.5,6.4,79,32,,3.6
2717,2022-06-04 17:00:00,+08:00,"Daziran Garden, Nanning (南宁大自然花园)",1335,22.805,108.383,59,59,20,3.1,2.8,30.5,5.5,79,32,,3.6
2718,2022-06-04 16:00:00,+08:00,"Xianhu, Nanning (南宁仙葫)",1336,22.7906,108.439,65,65,33,2.1,3.7,34.6,8.2,79,32,,3.6
2719,2022-06-04 17:00:00,+08:00,"District Agricultural Vocational College, Nanning (南宁区农职院)",1337,22.8464,108.239,63,63,37,3.1,8.3,37.4,6.4,79,32,,3.6
2720,2022-06-04 17:00:00,+08:00,"yīng huá jiā yuán, Nanning (南宁英华嘉园)",7180,22.735,108.328,68,68,42,2.6,6.4,30.5,3.7,79,32,,3.6
2721,2022-06-04 17:00:00,+08:00,"Shajing town street committee, Nanning (南宁沙井镇街道办)",1339,22.7833,108.244,63,63,45,3.6,4.6,31.3,5.5,79,32,,3.6
2722,2019-07-02 14:00:00,+08:00,"Yongning District Government, Nanning (南宁邕宁区政府)",5868,,,68,68,30,4.1,2.3,,6.4,,,,
2723,2022-06-04 17:00:00,+08:00,"Haitan Park, Beihai (北海海滩公园)",3430,21.4086,109.1436,53,21,53,2.1,1,28.9,5.5,77.1,31.4,99.8,5
2724,2022-06-04 17:00:00,+08:00,"Beihai Industrial Park, Beihai (北海北海工业园)",3431,21.5233,109.1778,42,42,36,2.1,1,28.5,4.6,77.1,31.4,99.8,5
2725,2022-06-04 17:00:00,+08:00,"New EPA, Beihai (北海新市环保局)",3432,21.4661,109.0981,38,38,22,1.6,0.5,27.3,4.6,77.1,31.4,99.8,5
2726,2022-06-04 16:00:00,+08:00,"Niúwěilǐng reservoir, Beihai (北海牛尾岭水库)",3433,21.5958,109.2256,34,30,34,1.6,2.3,26.4,2.8,77.1,31.4,99.8,5
2727,2022-06-04 17:00:00,+08:00,"Hexi water supply company, Liuzhou (柳州河西水厂)",3450,24.3406,109.3886,50,50,33,2.6,4.6,31.7,5.5,85.8,28.4,0.4,4
2728,2022-06-04 17:00:00,+08:00,"EPA Station, Liuzhou (柳州环保监测站)",3451,24.3304,109.4108,63,63,35,2.1,6,29.7,5.5,85.8,28.4,0.4,4
2729,2022-06-04 17:00:00,+08:00,"No.4 middle school, Liuzhou (柳州市四中)",3452,24.299,109.4221,70,70,35,2.6,3.7,34.2,8.2,85.8,28.4,0.4,4
2730,2022-06-04 17:00:00,+08:00,"No.9 middle school, Liuzhou (柳州市九中)",3453,24.3663,109.3957,63,63,36,2.1,5.5,28.1,5.5,85.8,28.4,0.4,4
2731,2022-06-04 17:00:00,+08:00,"Liudong Primary School, Liuzhou (柳州柳东小学)",3579,24.3898,109.4883,57,57,25,1.1,2.3,34.6,5.5,85.8,28.4,0.4,4
2732,2022-06-04 17:00:00,+08:00,"Guting Hill, Liuzhou (柳州古亭山)",3580,24.3158,109.4839,65,65,45,2.6,3.2,28.9,6.4,85.8,28.4,0.4,4
2733,2022-06-04 17:00:00,+08:00,"Monitoring station, Guilin (桂林监测站)",3581,25.2697,110.2819,30,30,9,2.1,3.7,29.3,5.5,100,23,,0.5
2734,,+08:00,"Longyin Primary School, Guilin (桂林龙隐小学)",3582,25.27083333,110.3088889,-,,,,,,,71,13,,1.5
2735,2022-06-04 17:00:00,+08:00,"No.8 middle school, Guilin (桂林八中)",3583,25.2178,110.2869,31,13,4,3.1,4.6,31.3,4.6,100,23,,0.5
2736,2022-06-04 16:00:00,+08:00,"UESTC Yaoshan Campus, Guilin (桂林电子科大尧山校区)",3584,25.3167,110.4144,50,50,13,6.1,1.4,31.7,4.6,100,23,,0.5
2737,2022-06-04 17:00:00,+08:00,Nanning (南宁),1550,22.817239,108.366129,59,59,20,3.1,2.8,30.5,6.4,79,32,,3.6
2738,2022-06-04 17:00:00,+08:00,Liuzhou (柳州),1551,24.325502,109.415953,70,70,45,2.6,6,34.6,8.2,85.8,28.4,0.4,4
2739,2022-06-04 17:00:00,+08:00,Guilin (桂林),1552,25.273566,110.290195,32,30,9,6.1,4.6,32.1,5.5,100,23,,0.5
2740,2022-06-04 17:00:00,+08:00,Beihai (北海),1553,21.481254,109.119927,53,42,53,2.1,1,28.9,5.5,77.1,31.4,99.8,5
2741,2022-06-04 17:00:00,+08:00,"yīng huá jiā yuán, Nanning (南宁英华嘉园)",7180,22.735,108.328,68,68,42,2.6,6.4,30.5,3.7,79,32,,3.6
2742,2022-06-04 17:00:00,+08:00,"Longyin Street primiary school, Guilin (桂林龙隐路小学)",7181,25.2708,110.3089,32,30,3,2.6,3.2,32.1,4.6,100,23,,0.5
2743,2021-01-21 07:00:00,+08:00,"CPPCC Building, Wuzhou (梧州市环保)",7182,23.4792,111.2897,114,114,52,7.1,8.3,11.8,8.2,100,15.1,99.2,1
2744,2021-01-21 07:00:00,+08:00,"yún gài xiǎoxué, Wuzhou (梧州云盖小学)",7183,23.475,111.3178,93,93,39,3.1,10.1,8.6,9.1,100,15.1,99.2,1
2745,2022-06-04 17:00:00,+08:00,"CPPCC Building, Wuzhou (梧州龙圩)",7184,23.415,111.2353,57,57,35,2.6,3.2,33.8,4.6,61.1,33.2,0.2,1
2746,2022-06-04 17:00:00,+08:00,"lóng xīn, Wuzhou (梧州龙新)",7185,23.4794,111.26,61,61,27,1.6,4.6,30.9,2.8,61.1,33.2,0.2,1
2747,2022-06-04 17:00:00,+08:00,"shā wàn, Fangchenggang (防城港沙万)",7186,21.6158,108.3411,35,50,35,2.1,1.9,27.7,3.7,73.1,31.1,0.3,1
2748,2021-01-21 07:00:00,+08:00,"fáng chéngzhèn zhèngfǔ, Fangchenggang (防城港防城镇政府)",7187,21.7631,108.3511,155,155,66,6.6,9.2,11.4,8.2,82,17,,0.5
2749,2022-06-04 17:00:00,+08:00,"dàhǎi huāyuán, Fangchenggang (防城港大海花园)",7188,21.6414,108.3506,30,30,18,3.6,1,29.3,2.8,73.1,31.1,0.3,1
2750,2022-06-04 17:00:00,+08:00,"City EPA station, Qinzhou (钦州市环保站)",7189,21.9667,108.6236,38,38,29,4.6,3.2,33.8,5.5,79,32,,3.6
2751,2021-01-01 01:00:00,+08:00,"shì nóng kē yuàn, Qinzhou (钦州市农科院)",7190,21.9508,108.6553,102,102,51,3.6,8.3,33.3,5.5,70,5,,1.5
2752,2022-06-04 17:00:00,+08:00,"gǎng qū yī xiǎo, Qinzhou (钦州港区一小)",7191,21.7431,108.5989,46,46,39,2.6,1.9,30.5,4.6,84.1,31.1,99.1,7
2753,2022-06-04 16:00:00,+08:00,"dé zhì gāozhōng, Guigang (贵港德智高中)",7192,23.1478,109.5681,61,61,31,2.1,6.4,22.8,5.5,69.8,32,0.1,6
2754,2021-01-01 02:00:00,+08:00,"jiāngnán zi zhàn , Guigang (贵港江南子站　)",7193,23.0672,109.6042,82,82,42,2.6,12.8,22.4,7.3,52.1,7.3,99.1,5
2755,2022-06-04 17:00:00,+08:00,"guì chéngzi zhàn, Guigang (贵港贵城子站)",7194,23.0944,109.6014,57,57,31,3.6,1.9,29.7,4.6,69.8,32,0.1,6
2756,2022-06-04 17:00:00,+08:00,"hé chéngzi zhàn, Guigang (贵港荷城子站)",7195,23.1036,109.5683,53,53,31,2.6,2.8,29.3,6.4,69.8,32,0.1,6
2757,2022-06-04 16:00:00,+08:00,"Hanshan reservoir, Yulin (玉林寒山水库)",7196,22.7019,110.1106,33,55,29,2.6,1,32.5,8.2,69.8,32,0.1,6
2758,2022-06-04 17:00:00,+08:00,"City Monitoring Station, Yulin (玉林市监测站)",7197,22.6411,110.1675,61,61,20,0.6,2.8,34.2,4.6,69.8,32,0.1,6
2759,2022-06-04 17:00:00,+08:00,"nanjiang No1 middle school, Yulin (玉林南江一中)",7198,22.6164,110.1433,55,55,27,1.6,2.3,33.3,5.5,64.7,32.5,0.2,3
2760,2022-06-04 11:00:00,+08:00,"City Monitoring Station, Baise (百色市监测站)",7199,23.9011,106.6103,57,57,30,6.1,5.1,30.1,7.3,69.9,30.1,99.1,2
2761,2022-06-04 17:00:00,+08:00,"Blood Center, Baise (百色市中心血站)",7200,23.8844,106.6527,76,76,50,3.1,2.8,45.9,7.3,67.9,32.8,99.1,2
2762,2022-06-04 17:00:00,+08:00,"CPPCC Building, Hezhou (贺州环保小区)",7201,24.4175,111.5269,50,50,24,3.6,6,26.4,6.4,68.9,31.2,0.5,2
2763,2022-06-04 17:00:00,+08:00,"CPPCC Building, Hezhou (贺州政协大楼)",7202,24.4072,111.5622,53,53,22,3.1,6,30.1,5.5,68.9,31.2,0.5,2
2764,2022-06-04 16:00:00,+08:00,"dōng rén lèyuán, Hechi (河池东仁乐园)",7203,24.7121,108.2134,46,46,13,2.6,5.5,13.9,4.6,88.2,25.8,99.1,2
2765,2022-06-04 17:00:00,+08:00,"City EPA station, Hechi (河池市环保站)",7204,24.6928,108.054,46,46,21,4.6,3.7,24.4,4.6,88.2,25.8,99.1,2
2766,2022-06-04 17:00:00,+08:00,"shì jí kòng zhōngxīn, Hechi (河池市疾控中心)",7205,24.6967,108.1009,42,42,19,4.1,4.2,19.1,6.4,88.2,25.8,99.1,2
2767,2022-06-04 17:00:00,+08:00,"Laibi No2 middle school, Laibin (来宾来宾二中)",8932,23.7208,109.2131,59,59,35,2.1,2.3,32.5,6.4,85.8,28.4,0.4,4
2768,2021-01-21 07:00:00,+08:00,"lái yě zhāodàisuǒ, Laibin (来宾来冶招待所)",8933,23.7369,109.2317,169,169,80,5.1,19.7,1.3,8.2,71.9,16.9,,3
2769,2022-06-04 17:00:00,+08:00,"shì huánbǎo jú jiāng zhōu fēnjú, Chongzuo (崇左市环保局江州分局)",7206,22.4137,107.3476,68,68,40,2.1,1.9,41.9,5.5,79,32,,3.6
2770,2022-06-04 17:00:00,+08:00,"chéngnán xīnqū, Chongzuo (崇左城南新区)",7207,22.3708,107.3701,87,87,44,2.6,2.8,38.2,4.6,79,32,,3.6
2771,2022-06-04 17:00:00,+08:00,"Hong Danxia Forest Park, Yulin (榆林红石峡森林公园　)",7851,38.3344,109.7414,76,76,61,3.1,2.8,64.3,2.1,29.1,26.4,99.1,3
2772,2022-06-04 17:00:00,+08:00,"世纪广场, Yulin (榆林世纪广场)",11329,38.2911,109.7456,74,74,63,2.6,3.7,64.9,2.8,29.1,26.4,99.1,3
2773,2022-06-04 17:00:00,+08:00,"Experimental Middle  School, Yulin (榆林实验中学)",7853,38.2839,109.7289,78,78,64,3.1,5.5,59.1,1.3,29.1,26.4,99.1,3
2774,2022-06-04 17:00:00,+08:00,"环保监测大楼, Yulin (榆林环保监测大楼)",11330,38.2478,109.7336,70,70,63,4.1,5.5,61,2.8,29.1,26.4,99.1,3
2775,2022-06-04 17:00:00,+08:00,"红石峡森林公园(对照点), Yulin (榆林红石峡森林公园(对照点))",11328,38.3344,109.7414,76,76,61,3.1,2.8,64.3,1.9,29.1,26.4,99.1,3
2776,2022-06-04 17:00:00,+08:00,"世纪广场, Yulin (榆林世纪广场)",11329,38.2911,109.7456,74,74,63,2.6,3.7,64.9,2.8,29.1,26.4,99.1,3
2777,2022-06-04 17:00:00,+08:00,"环保监测大楼, Yulin (榆林环保监测大楼)",11330,38.2478,109.7336,70,70,63,4.1,5.5,61,2.8,29.1,26.4,99.1,3
2778,2021-12-03 10:00:00,+08:00,"Shenmu County Environmental Protection Bureau, Yulin (榆林神木县环保局)",11149,38.848611110215,110.4911110996,117,117,76,4.6,20.2,7.8,15.6,47.9,21.6,0.5,2
2779,2022-06-04 17:00:00,+08:00,"Jiaxian Environmental Protection Bureau, Yulin (榆林佳县环保局)",11150,38.015555559642,110.49527779983,89,89,69,5.1,1.4,64.9,3.2,29.1,26.4,99.1,3
2780,2022-06-04 17:00:00,+08:00,"Mizhi County Environmental Protection Bureau, Yulin (榆林米脂县环保局)",11151,37.762500000176,110.16666669961,72,72,66,4.1,7.8,65.6,4.2,29.1,26.4,99.1,3
2781,2022-06-04 17:00:00,+08:00,"Fugu County Environmental Protection Bureau, Yulin (榆林府谷县环保局)",11152,39.058419000038,111.05184499995,87,87,69,3.1,3.7,57.8,3.9,34,26.4,99.1,2
2782,2022-06-04 17:00:00,+08:00,"Qingguan County Chengguan Town Police Station, Yulin (榆林清涧县城关镇派出所)",11153,37.100555560392,110.10944439994,80,80,76,2.6,3.7,50.6,5,46,24.8,1.2,2
2783,2022-06-04 17:00:00,+08:00,"Hengshan County Government, Yulin (榆林横山县政府)",11154,37.961388890086,109.28944440014,82,82,52,3.1,3.2,54.5,6.9,29.1,26.4,99.1,3
2784,2022-06-04 17:00:00,+08:00,"Jude County Environmental Protection Bureau, Yulin (榆林绥德县环保局)",11155,37.501388890286,110.26694440016,94,85,94,2.6,3.2,63.6,5.6,42,26.9,99.1,1
2785,2022-06-04 17:00:00,+08:00,"Zizhou County Government, Yulin (榆林子洲县政府)",11156,37.610000000301,110.02944439974,95,95,60,5.6,3.7,73.4,3.2,29.1,26.4,99.1,3
2786,2022-06-04 17:00:00,+08:00,"Dingbian County No. 4 Middle School, Yulin (榆林定边县第四中学)",11157,37.593055559767,107.59555559991,55,38,55,3.6,8.3,51.3,3.1,19,26.6,99.2,3
2787,2022-06-04 17:00:00,+08:00,"Jingbian County Old Environmental Protection Bureau, Yulin (榆林靖边县老环保局)",11158,37.607500000126,108.80666669981,52,42,22,5.6,3.2,51.9,3.3,,,,
2788,2022-06-04 17:00:00,+08:00,"Wubao County Government, Yulin (榆林吴堡县政府)",11159,37.458404999892,110.74612700036,160,160,48,4.1,1.9,45.5,4.9,42,26.9,99.1,1
2789,2022-01-12 13:00:00,+08:00,"Zhongzhai Port, Haikou (海口东寨港)",1340,19.9507,110.576,53,53,20,2.1,2.3,37.4,6.4,68,22,,3.6
2790,2022-06-04 17:00:00,+08:00,"Hainan University, Haikou (海口海南大学)",1341,20.0574,110.3232,34,34,8,2.1,1,29.3,3.7,88,27,,4.6
2791,2022-06-04 17:00:00,+08:00,"Xiuying Hainan Hospital, Haikou (海口秀英海南医院)",1342,20.0053,110.283,42,42,25,2.1,3.2,28.1,1.9,88,27,,4.6
2792,2022-06-04 17:00:00,+08:00,"Hainan Normal University, Haikou (海口海南师范大学)",1343,19.9969,110.338,50,50,45,1.6,1,26.9,2.8,88,27,,4.6
2793,2022-06-04 16:00:00,+08:00,"Longhua road EPA dormitory, Haikou (海口龙华路环保局宿舍)",1344,20.0356,110.33,36,34,36,2.1,1,34.2,2.8,88,27,,4.6
2794,2022-06-04 16:00:00,+08:00,"Hexizi Station, Sanya (三亚河西子站)",4436,18.2681,109.4964,29,13,9,0.6,1,28.5,2.8,66,31,,5.6
2795,2022-06-04 17:00:00,+08:00,Haikou (海口),1554,20.030793,110.328859,42,42,25,2.1,3.2,28.1,1.9,88,27,,4.6
2796,2022-06-04 17:00:00,+08:00,Sanya (三亚),1555,18.252847,109.511909,28,17,13,3.1,2.3,27.7,2.8,66,31,,5.6
2797,2022-06-04 16:00:00,+08:00,Dongfang (东方),5190,19.095361,108.651775,27,5,13,0.6,2.3,26.9,5.4,70.2,31.7,99.1,7
2798,2022-06-04 16:00:00,+08:00,Wuzhishan (五指山),5191,18.775147,109.516925,29,21,9,2.6,1.4,29.3,4.1,66,31,,5.6
2799,2022-06-04 16:00:00,+08:00,Danzhou (儋州),5192,19.521134,109.580811,38,38,20,1.6,3.7,24.4,3.7,52,34.8,1,2
2800,2022-06-04 16:00:00,+08:00,Qionghai (琼海),5193,19.258404,110.47465,34,34,19,2.1,1.4,28.9,2.8,88,27,,4.6
2801,1970-01-01 00:00:00,+0800,Ledongxian,5196,,,-,,,,,,,,,,
2802,,+08:00,"Yang Guilin City Station , Haikou (海口市桂林洋站)",5245,19.9739,110.5111,-,,,,,,,94,24,,4.6
2803,,+08:00,"Institute of Forestry, Wuzhishan (五指山林科所)",4470,18.778,109.5216,-,,,,,,,73,26,,3.6
2804,,+08:00,"Qiongnan TV station , Wuzhishan (五指山琼南电视台站)",4471,18.77912,109.5164,-,,,,,,,73,26,,3.6
2805,2022-06-04 15:00:00,+08:00,"City Environmental Building Station , Qionghai (琼海市环保大楼站)",4472,19.2317,110.4608,38,38,21,1.6,1.4,24,3.7,88,27,,4.6
2806,2022-06-04 16:00:00,+08:00,"City People's Hospital , Qionghai (琼海市人民医院)",4473,19.24888,110.4687,38,38,20,2.6,1.4,27.7,4.3,88,27,,4.6
2807,2022-06-04 16:00:00,+08:00,"City first secondary school sub-station , Danzhou (儋州市第一中学子站)",4474,19.5088,109.5037,55,55,16,2.1,5.5,29.7,2.4,52,34.8,1,2
2808,2022-06-04 16:00:00,+08:00,"Dongpo school sub-station , Danzhou (儋州东坡学校子站)",4475,19.5275,109.5037,38,38,20,1.6,3.7,24.4,4,52,34.8,1,2
2809,,+08:00,"Heqing Power Station, Danzhou (儋州和庆电站)",4476,19.52841,109.63583,-,,,,,,,94,24,,4.6
2810,2022-01-12 15:00:00,+08:00,"Shitouyuan middle school, Wenchang (文昌市头苑中学)",5246,19.6408,110.7827,-,42,15,,2.3,44.3,5.8,61,25,,3.6
2811,2022-06-04 16:00:00,+08:00,"City Mine station dormitory building , Wenchang (文昌市矿山管理站宿舍大楼)",5247,19.6208,110.7477,42,42,22,2.1,1.4,23.2,3.5,88,27,,4.6
2812,2022-06-04 16:00:00,+08:00,"City Land Resources Bureau office environment , Wenchang (文昌市国土环境资局办公楼)",5248,19.5508,110.802,38,38,30,2.6,0.5,25.2,5,88,27,,4.6
2813,,+08:00,"Chenbei xinqu sttion, Wanning (万宁城北新区子站)",5249,18.8297,110.3979,-,,,,,,,95.8,23.1,,3
2814,2021-04-12 09:00:00,+08:00,"City Water Company sub-station , Wanning (万宁市水业公司子站)",5250,18.7908,110.3569,5,25,,,1.4,,4.8,98.8,24,0.4,1
2815,,+08:00,"Datianzhong School sub-station, Dongfang (东方大田中学子站)",4477,19.1202,108.8058,-,,,,,,,81.8,23.8,,3
2816,2022-06-04 16:00:00,+08:00,"City Archives sub-station , Dongfang (东方市档案馆子站 )",4478,19.0966,108.6472,27,5,13,0.6,2.3,26.9,5.4,70.2,31.7,,7
2817,2022-06-04 16:00:00,+08:00,"City Land Resources Bureau station , Dongfang (东方市国土资源局站)",4479,19.1005,108.6777,28,9,20,2.1,3.7,28.1,5,70.2,31.7,,7
2818,2022-06-04 16:00:00,+08:00,"Environmental resources monitoring unit, Dinganxian (定安县定安环境资源监察大队)",5251,19.6928,110.3239,30,30,10,0.6,0.5,23.6,3.8,88,27,,4.6
2819,,+08:00,"Environmental resources monitoring unit, Tunchangxian (屯昌县屯昌环境资源监察大队)",5252,19.3505,110.0986,-,,,,,,,94,24,,4.6
2820,2022-06-04 16:00:00,+08:00,"Land Environment and Resources Bureau, Chengmaixian (澄迈县澄迈国土环境资源局站)",5253,19.76,110.006,25,25,14,2.6,3.2,22,4,88,27,,4.6
2821,2022-06-04 16:00:00,+08:00,"Commission compound Archives , Lingaoxian (临高县委大院档案馆)",5254,19.91205,109.69053,59,59,18,2.1,1.4,30.9,3.8,88,27,,4.6
2822,2022-06-04 16:00:00,+08:00,"Land Environment and Resources Bureau , Ledongxian (乐东县国土环境资源局)",4480,18.7422,109.1777,27,21,10,2.6,1,27.3,3.5,66,31,,5.6
2823,2022-06-04 16:00:00,+08:00,"Commission for Discipline Building Station, Lingshuixian (陵水县纪委大楼站)",5255,18.50844,110.03572,30,30,20,2.6,2.3,26.4,3.2,66,31,,5.6
2824,2022-06-04 16:00:00,+08:00,"Land Environment and Resources Bureau, Qiongzhongxian (琼中县国土环境资源局站)",5256,19.0408,109.8372,25,21,6,2.6,0.5,24.8,4.7,66,31,,5.6
2825,,+08:00,"Volcanoes Geological Park Station , Haikou (海口火山群地质公园站)",5257,19.9328,110.2224,-,,,,,,,94,24,,4.6
2826,,+08:00,"Haitang Bay sub-station , Sanya (三亚海棠湾子子站)",4481,,,-,,,,,,,,,,
2827,2022-01-12 15:00:00,+08:00,"Industrial Park, northeast corner of the plant boundary station , Dongfang (东方工业园东北角厂界站)",4482,19.0673,108.6468,-,57,19,3.1,5.5,23.6,7.9,72.9,30.4,99.1,2
2828,2022-01-12 15:00:00,+08:00,"Industrial Park police station, Dongfang (东方工业园派出所站)",4483,19.043571,108.64684,-,34,22,1.6,3.7,36.6,7.3,72.9,30.4,99.1,2
2829,,+08:00,"Lùhuítóuzi Staiton, Sanya (三亚鹿回头子站)",4859,,,-,,,,,,,,,,
2830,2022-06-04 16:00:00,+08:00,"Bó'áo guó Guest House Station , Qionghai (琼海博鳌国宾馆站)",4860,19.140793,110.553,42,42,37,2.1,0.5,20.4,2.1,88,27,,4.6
2831,2022-01-12 14:00:00,+08:00,"Land Environment and Resources Bureau , Changjiangxian (昌江县国土环境资源局 )",5258,19.276,109.0605,59,59,30,3.6,4.2,33.3,7.1,72.9,30.4,99.1,2
2832,2022-06-04 16:00:00,+08:00,"Middle school, Wanning (万宁中学子站)",5259,18.7983,110.3933,34,34,16,2.1,1.4,26,4.1,70.1,33.3,1,5
2833,,+08:00,"Qiongnan radio and television transmitting station, Wuzhishan (五指山琼南广播电视发射站)",7017,18.7652,109.5306,-,,,,,,,73,26,,3.6
2834,2022-06-04 16:00:00,+08:00,"haigui middle school, Qionghai (琼海海桂学校)",7018,19.26529,110.46556,34,34,19,2.1,1.4,28.9,2.8,88,27,,4.6
2835,2022-06-04 16:00:00,+08:00,"Water Company station, Dinganxian (定安县自来水公司站)",7019,19.683826,110.34419,25,25,4,1.6,1,21.6,4.3,88,27,,4.6
2836,2022-06-04 16:00:00,+08:00,"Yalong Bay, Sanya (三亚亚龙湾 )",7086,18.224495,109.62038,24,,,3.1,0.5,23.6,5,66,31,,5.6
2837,2022-06-04 16:00:00,+08:00,"Institute of Forestry sub-station, Wuzhishan (五指山林科所子站)",7087,18.7653,109.5306,29,21,9,2.6,1.4,29.3,4.1,66,31,,5.6
2838,2022-01-12 14:00:00,+08:00,"City Qiongnan radio and television transmitting station, Wuzhishan (五指山市琼南广播电视发射台)",7088,18.78102,109.5071,36,34,15,3.6,2.3,35.8,5.7,61,26,,2.5
2839,2022-06-04 16:00:00,+08:00,"shì běi shī dà wàn níng fùzhōng, Wanning (万宁市北师大万宁附中)",7089,18.8297,110.3979,42,42,18,2.1,1.4,26.4,4.2,70.1,33.3,1,5
2840,,+08:00,"chāngjiāng bàwáng lǐng yǎ jiā shānzhuāng, Changjiangxian (昌江县昌江霸王岭雅加山庄)",7090,19.085833,109.1225,-,,,,,,,73,26,,3.6
2841,2021-08-03 12:00:00,+08:00,"Huǒshān kǒu, Haikou (海口火山口)",8630,19.9328,110.2224,20,9,20,0.6,11.5,13.5,3.4,74,32,,4.6
2842,2022-06-04 16:00:00,+08:00,"Haitang Bay, Sanya (三亚海棠湾)",8631,18.29029,109.71186,23,17,10,0.6,1,22.8,2.5,66,31,,5.6
2843,2022-06-04 16:00:00,+08:00,"lù huítóu, Sanya (三亚鹿回头)",8632,18.219168,109.49364,27,17,8,0.6,0.5,27.3,2.8,66,31,,5.6
2844,,+08:00,"hé qìng middle school, Danzhou (儋州和庆中学)",8633,19.52841,109.63583,-,,,,,,,94,24,,4.6
2845,2022-06-04 16:00:00,+08:00,"hóngqí zhōng xuézǐ station, Tunchangxian (屯昌县红旗中学子站)",8634,19.37706,110.1108,30,30,8,2.1,1.4,22,4.2,88,27,,4.6
2846,2022-01-12 14:00:00,+08:00,"Commission compound, Chengmaixian (澄迈县委大院)",8635,19.74111,110.0023,63,63,25,1.1,3.2,38.6,6.3,73,21,,3.6
2847,2022-01-12 14:00:00,+08:00,"Changjiang Bawangling, Changjiangxian (昌江县昌江霸王岭)",8636,19.085833,109.1225,50,50,24,9.7,2.3,,9.1,61,26,,2.5
2848,2022-01-12 14:00:00,+08:00,"xúnhuán jīngjì yuánqū zi zhàn, Changjiangxian (昌江县循环经济园区子站)",8637,19.241667,108.96528,42,42,24,3.6,4.6,37,9.9,88.8,27.1,0.4,3
2849,2022-06-04 16:00:00,+08:00,"Changjiang pawn Bay, Changjiangxian (昌江县昌江棋子湾)",8638,19.34972,108.68472,30,30,,8.2,1,30.1,3.7,70.2,31.7,,7
2850,2022-01-12 14:00:00,+08:00,"Lingshui nursing home, Lingshuixian (陵水县陵水敬老院)",8639,18.5064,110.0083,53,53,25,1.6,3.7,41.5,6,61,26,,2.5
2851,2022-06-04 16:00:00,+08:00,"Lingshui Tufu Bay, Lingshuixian (陵水县陵水土福湾)",8640,18.403055,109.818054,46,46,10,2.6,1.9,24,5.2,66,31,,5.6
2852,2022-06-04 16:00:00,+08:00,Wenchang,7884,19.543279,110.79776,38,38,30,2.6,0.5,25.2,5,88,27,,4.6
2853,2022-06-04 16:00:00,+08:00,Wanning,7885,18.795143,110.391073,34,34,16,2.1,1.4,26,4.1,70.1,33.3,1,5
2854,2022-06-04 16:00:00,+08:00,Dinganxian,7886,19.681434,110.358891,25,25,11,0.6,1,21.6,4.3,88,27,,4.6
2855,2022-06-04 18:00:00,+08:00,"Jinyun Mountain, Chongqing (重庆缙云山)",1345,29.8272,106.379,42,42,11,3.1,3.2,30.1,3.7,69,25,,5.6
2856,,+08:00,"Gaojia Garden, Chongqing (重庆高家花园)",1346,29.5736,106.46,-,,,,,,,81,12,,1.5
2857,2022-06-04 18:00:00,+08:00,"Tiansheng, Chongqing (重庆天生)",1347,29.8264,106.424,31,21,20,3.1,2.3,30.9,4.6,69,25,,5.6
2858,2022-06-04 18:00:00,+08:00,"Liǎng lù, Chongqing (重庆两路)",1348,29.7228,106.626,38,38,21,4.1,6.4,33.3,2.8,69,25,,5.6
2859,2022-06-04 18:00:00,+08:00,"Huqi, Chongqing (重庆虎溪)",1349,29.5983,106.296,25,25,16,3.1,5.1,23.2,6.4,69,25,,5.6
2860,2022-06-04 18:00:00,+08:00,"Nanping, Chongqing (重庆南坪)",1350,29.5186,106.54,65,65,28,2.6,8.3,33.3,3.7,69,25,,5.6
2861,2022-06-04 18:00:00,+08:00,"Tángjiātuó, Chongqing (重庆唐家沱)",1351,29.6219,106.65,34,34,23,4.6,9.6,32.1,2.8,69,25,,5.6
2862,2022-06-04 18:00:00,+08:00,"Cháyuán, Chongqing (重庆茶园)",1352,29.4892,106.634,55,55,30,3.6,9.2,33.8,1.9,69,25,,5.6
2863,2022-06-04 18:00:00,+08:00,"Baishiyi, Chongqing (重庆白市驿)",1353,29.4822,106.364,46,46,23,3.1,7.4,32.1,4.6,69,25,,5.6
2864,,+08:00,"Liberation Monument, Chongqing (重庆解放碑)",1354,29.5642,106.571,-,,,,,,,81,12,,1.5
2865,,+08:00,"Yangjiaping, Chongqing (重庆杨家坪)",1355,29.5164,106.512,-,,,,,,,81,12,,1.5
2866,2022-06-04 18:00:00,+08:00,"Konggang, Chongqing (重庆空港)",1356,29.7125,106.617,42,42,19,3.6,5.5,31.7,5.5,69,25,,5.6
2867,2022-06-04 18:00:00,+08:00,"Xinshan village, Chongqing (重庆新山村)",1357,29.4892,106.468,34,34,17,4.6,10.1,29.7,5.5,69,25,,5.6
2868,2022-06-04 18:00:00,+08:00,"Lijia, Chongqing (重庆礼嘉)",1358,29.6453,106.562,33,21,14,4.6,4.2,32.9,1.9,69,25,,5.6
2869,2022-06-04 18:00:00,+08:00,"Yuxin Street, Chongqing (重庆鱼新街)",1359,29.389,106.513,68,68,30,4.1,9.6,30.5,6.4,69,25,,5.6
2870,2022-06-04 18:00:00,+08:00,"Panjiaping, Chongqing (重庆潘家坪)",7040,29.536659,106.512855,31,25,15,3.6,6.9,31.3,3.7,69,25,,5.6
2871,2022-06-04 18:00:00,+08:00,"Caijia, Chongqing (重庆蔡家)",1420,29.709,106.452,31,25,17,3.1,5.1,30.9,2.8,69,25,,5.6
2872,2022-06-04 18:00:00,+08:00,"Nánquán, Chongqing (重庆南泉)",1421,29.4272,106.591,46,46,20,4.1,6.9,35.4,5.5,69,25,,5.6
2873,2022-06-04 17:00:00,+08:00,Chongqing (重庆),1453,29.56301,106.551557,46,46,25,5.1,7.4,34.2,4.6,65,26,,5.6
2874,2022-06-04 18:00:00,+08:00,"City South, Chongqing (重庆城南)",9202,29.81,106.38,36,5,11,2.1,3.2,36.2,5.5,69,25,,5.6
2875,2022-06-04 18:00:00,+08:00,"Large bamboo forest, Chongqing (重庆大竹林)",9203,29.62,106.5,30,30,18,2.6,8.3,29.7,5.5,69,25,,5.6
2876,2022-06-04 18:00:00,+08:00,"yuānyāng, Chongqing (重庆鸳鸯)",9204,29.67,106.54,22,13,10,2.6,3.7,22.4,1,69,25,,5.6
2877,2022-06-04 18:00:00,+08:00,"lóng zhōu wān, Chongqing (重庆龙洲湾)",9205,29.4,106.55,57,57,21,2.6,8.3,31.3,3.7,69,25,,5.6
2878,2022-06-04 18:00:00,+08:00,"huí xìng, Chongqing (重庆回兴)",9206,29.69,106.61,30,21,15,4.1,5.5,30.1,9.1,69,25,,5.6
2879,2022-06-04 18:00:00,+08:00,"Huang Jue Pass, Chongqing (重庆黄桷垭)",9207,29.55,106.6,29,25,67,2.1,13.8,28.9,2.8,69,25,,5.6
2880,2022-06-04 18:00:00,+08:00,"xiē táizi, Chongqing (重庆歇台子)",9208,29.53,106.49,57,57,21,2.1,7.4,28.5,5.5,69,25,,5.6
2881,2022-06-04 18:00:00,+08:00,"lóngjǐng wān, Chongqing (重庆龙井湾)",9209,29.57,106.4,38,38,28,3.1,5.5,31.3,4.6,69,25,,5.6
2882,2022-06-04 18:00:00,+08:00,"Guanyin Bridge, Chongqing (重庆观音桥)",9210,29.57,106.51,25,25,12,3.1,7.4,22.8,4.6,69,25,,5.6
2883,2022-06-04 18:00:00,+08:00,"tiě shān píng, Chongqing (重庆铁山坪)",9211,29.61,106.67,31,30,20,3.1,10.1,30.5,9.1,69,25,,5.6
2884,2022-06-04 18:00:00,+08:00,"Shuangshan, Chongqing (重庆双山)",9212,29.48,106.46,21,21,62,3.1,4.6,19.1,5.5,69,25,,5.6
2885,2022-06-04 18:00:00,+08:00,"fú tú guān, Chongqing (重庆佛图关)",9213,29.55,106.52,25,25,16,6.1,6.4,24.8,9.1,69,25,,5.6
2886,2017-04-18 10:00:00,+08:00,"Jin Jian Road, Chongqing",9214,29.587869,106.215342,132,132,81,23.4,17,22.8,6.4,68,19,,4.9
2887,2022-06-04 18:00:00,+08:00,"Ruishan West Road, Chongqing (重庆瑞山西路)",9215,29.999162,106.264407,30,30,9,6.1,1.9,20.4,3.7,69,25,,5.6
2888,2022-06-04 18:00:00,+08:00,"Longmen Street, Chongqing (重庆龙门街)",9216,29.831422,106.050558,28,13,10,3.1,6,27.7,1.9,69,25,,5.6
2889,2022-06-04 18:00:00,+08:00,"Tang Hong, Chongqing (重庆棠香)",9217,29.414271,105.602041,31,25,10,4.1,3.2,31.3,1.9,78,21.9,99.4,2
2890,2017-04-21 11:00:00,+08:00,"Hong National Park, Chongqing",9218,29.420247,105.583296,87,87,57,9.2,10.1,20.8,9.1,82,15,,4
2891,2019-11-01 16:00:00,+08:00,"bówùguǎn, Chongqing (重庆博物馆)",9219,29.380382,105.928588,117,117,55,7.6,7.8,19.5,6.4,62,21.8,,
2892,2022-06-04 18:00:00,+08:00,"North Hill Road, Chongqing (重庆北山路)",9220,29.356178,105.896872,24,9,21,3.1,5.5,24,4.6,69,25,,5.6
2893,2022-06-04 18:00:00,+08:00,"Jiangjin Middle School, Chongqing (重庆江津一中)",9221,29.283794,106.264614,65,65,21,6.1,7.8,18.7,4.6,69,25,,5.6
2894,2022-06-04 18:00:00,+08:00,"College Road, Chongqing (重庆书院路)",9222,29.996742,106.247419,21,9,10,5.1,6,21.2,2.8,69,25,,5.6
2895,2022-06-04 18:00:00,+08:00,"Yingbin Avenue, Chongqing (重庆迎宾大道)",9223,29.723333,107.368888,61,61,23,3.1,5.5,22.4,10,69,25,,5.6
2896,2018-02-08 10:00:00,+08:00,"xìng huázhōnglù, Chongqing",9224,29.701944,107.370277,194,194,106,13.7,24.7,4.1,14.5,81,7,,3.1
2897,2019-05-24 17:00:00,+08:00,"yuanshuai square, Chongqing (重庆元帅广场)",9225,29.280377,106.279297,80,80,43,5.6,19.7,34.2,5.5,67.1,26.7,0.2,
2898,2022-06-04 18:00:00,+08:00,"zhōnglóu dàjiē, Chongqing (重庆钟楼大街)",9226,29.158888,107.084722,87,87,32,3.6,11,39.4,7.3,69,25,,5.6
2899,2022-06-04 18:00:00,+08:00,"High Temple Road, Chongqing (重庆高寺路)",9227,29.173333,107.067777,127,127,25,4.1,7.4,41.9,6.4,69,25,,5.6
2900,2022-06-04 18:00:00,+08:00,"tān zǐ kou, Chongqing (重庆滩子口)",9228,29.026337,106.659518,99,99,39,4.1,5.1,19.5,6.4,69,25,,5.6
2901,2022-06-04 18:00:00,+08:00,"shuānglóng xī lù, Chongqing (重庆双龙西路)",9229,29.488083,105.7765,32,25,15,2.6,1.9,31.7,3.7,69,25,,5.6
2902,2022-06-04 18:00:00,+08:00,"Chunyang Street, Chongqing (重庆春阳街)",9230,30.207222,105.8425,20,9,8,3.1,4.6,19.9,3.7,69,25,,5.6
2903,2022-06-04 18:00:00,+08:00,"wàn dōngběi lù, Chongqing (重庆万东北路)",9231,28.962972,106.921305,93,93,63,6.1,4.6,38.2,5.5,69,25,,5.6
2904,2022-06-04 18:00:00,+08:00,"Nantong General Hospital, Chongqing (重庆南桐总医院)",9232,28.957861,106.917083,82,82,61,4.6,4.6,41.9,7.3,69,25,,5.6
2905,2019-11-01 17:00:00,+08:00,"taohua park, Chongqing (重庆桃花公园)",9233,29.851388,107.091944,97,97,47,5.6,7.4,35.4,5.5,,,,2.5
2906,2022-06-04 18:00:00,+08:00,"Lin Zhuang, Chongqing (重庆林庄)",9234,29.826944,107.079166,63,63,27,5.1,4.6,22,6.4,69,25,,5.6
2907,2022-06-04 18:00:00,+08:00,"běi dàjiē, Chongqing (重庆北大街)",9235,31.951944,108.659444,22,21,14,4.1,4.2,21.6,5.5,23,18.8,,4.6
2908,2022-06-04 18:00:00,+08:00,"shāngyè èr lù, Chongqing (重庆商业二路)",9236,29.873515,107.735432,63,63,37,6.1,6.9,43.9,5.5,91.9,24.4,4.9,1
2909,2022-06-04 18:00:00,+08:00,"Shaoling Road, Chongqing (重庆少陵路)",9237,31.018916,109.453333,36,25,10,4.6,4.2,35.8,8.2,56,32.3,99.8,6
2910,2022-06-04 18:00:00,+08:00,"Renmin Road, Chongqing (重庆人民路)",9238,30.331166,107.348,59,59,16,3.6,3.2,21.2,3.7,69,25,,5.6
2911,2022-06-04 18:00:00,+08:00,"Ankang, Chongqing (重庆安康)",9239,31.162833,108.387222,46,46,25,4.1,3.7,26.4,6.4,91.9,24.4,4.9,1
2912,2022-06-04 18:00:00,+08:00,"rénmín dōng lù, Chongqing (重庆人民东路)",9240,30.675833,107.798333,26,17,10,4.1,5.5,26,4.6,91.9,24.4,4.9,1
2913,2022-06-04 18:00:00,+08:00,"Zhoujiaba, Chongqing (重庆周家坝)",9241,30.8425,108.367777,46,46,8,5.1,6.4,25.2,8.2,91.9,24.4,4.9,1
2914,2022-06-04 18:00:00,+08:00,"Baian dam, Chongqing (重庆百安坝)",9242,30.755555,108.431944,30,30,21,6.6,6,26.4,5.5,91.9,24.4,4.9,1
2915,2022-06-04 18:00:00,+08:00,"jìng tán èr lù, Chongqing (重庆净坛二路)",9243,31.081611,109.876333,32,17,5,4.6,6.9,31.7,6.4,56,32.3,99.8,6
2916,2019-06-10 14:00:00,+08:00,"Environment protection office, Chongqing (重庆环保局)",9244,31.389444,109.572944,63,63,43,6.1,12.4,37.4,10.9,73.2,26.7,0.3,
2917,2022-06-04 18:00:00,+08:00,"Shuangjiang, Chongqing (重庆双江)",9245,30.934916,108.698194,33,21,12,5.6,5.1,32.9,6.4,56,32.3,99.8,6
2918,2022-06-04 18:00:00,+08:00,"Zhongxian Middle School, Chongqing (重庆忠县中学)",9246,30.297277,108.031805,50,50,33,4.6,3.2,34.6,4.6,91.9,24.4,4.9,1
2919,2022-06-04 18:00:00,+08:00,"hé bǎo jiē, Chongqing (重庆河堡街)",9247,29.286111,108.155833,34,34,5,6.6,2.8,12.6,6.4,79,24.9,0.2,4
2920,2019-11-01 17:00:00,+08:00,"Government Conference Center, Chongqing (重庆政府会议中心)",9248,29.536944,108.766111,91,91,53,5.6,5.1,61,4.6,50.2,,99.2,
2921,2019-11-01 17:00:00,+08:00,"College of Tourism, Chongqing (重庆旅游职业学院)",9249,29.524722,108.784722,114,114,55,7.6,5.5,37.4,5.5,50.2,,99.2,
2922,2022-06-04 18:00:00,+08:00,"Wanshou Avenue, Chongqing (重庆万寿大道)",9250,29.997916,108.129861,42,42,10,4.1,2.3,30.5,6.4,91.9,24.4,4.9,1
2923,2022-06-04 18:00:00,+08:00,"Hibiscus Road, Chongqing (重庆芙蓉中路)",9251,29.328916,107.751833,33,17,10,5.1,4.6,32.5,3.7,,,,
2924,2022-06-04 18:00:00,+08:00,"Xiushan County High School, Chongqing (重庆秀山县高级中学)",9252,28.454027,108.985,32,13,6,6.1,1,32.1,6.4,79,24.9,0.2,4
2925,2022-06-04 18:00:00,+08:00,"táohuāyuán zhōng lù, Chongqing (重庆桃花源中路)",9253,28.845833,108.761388,25,25,11,5.6,2.8,24,8.2,79,24.9,0.2,4
2926,2022-06-04 18:00:00,+08:00,"金凤, Chongqing (重庆金凤)",9870,29.504318,106.515627,32,30,15,3.6,2.8,31.7,4.6,69,25,,5.6
2927,2022-06-04 18:00:00,+08:00,"刘家院, Chongqing (重庆刘家院)",9871,29.576617,106.442925,46,46,34,5.6,4.6,30.9,3.7,69,25,,5.6
2928,2022-06-04 18:00:00,+08:00,"上清寺, Chongqing (重庆上清寺)",9872,29.565,106.5469,30,30,20,3.1,8.7,26.4,6.4,69,25,,5.6
2929,2022-06-04 18:00:00,+08:00,"水土, Chongqing (重庆水土)",9873,29.808309,106.536345,72,72,22,3.6,4.6,30.9,1,69,25,,5.6
2930,2022-06-04 18:00:00,+08:00,"剑山路, Chongqing (重庆剑山路)",9874,29.587869,106.215342,34,34,16,4.1,3.2,30.9,6.4,69,25,,5.6
2931,2019-12-31 14:00:00,+08:00,"荣昌中学, Chongqing (重庆荣昌中学)",9875,29.420247,105.583296,179,179,102,9.2,21.5,2.9,11.8,94,7.3,,
2932,2022-06-04 18:00:00,+08:00,"Tàijí dàdào, Chongqing (重庆太极大道)",10443,29.700278,107.373056,70,70,40,3.6,4.2,46.8,13.6,69,25,,5.6
2933,2022-06-04 18:00:00,+08:00,"虎峰, Chongqing (重庆虎峰)",11799,29.55,106.2375,28,13,28,4.1,4.2,21.2,5.5,69,25,,5.6
2934,2022-06-04 18:00:00,+08:00,"四牌坊小学, Chongqing (重庆四牌坊小学)",11800,29.280377,106.279297,74,74,34,4.6,6,22,1,69,25,,5.6
2935,2022-06-04 18:00:00,+08:00,"春申大道, Chongqing (重庆春申大道)",11801,31.389444,109.572944,42,42,20,3.1,3.7,25.6,7.3,56,32.3,99.8,6
2936,2022-06-04 18:00:00,+08:00,"万盛党校, Chongqing (重庆万盛党校)",11802,28.972777777,106.92694444,102,102,49,5.1,4.2,37.8,6.4,69,25,,5.6
2937,2022-06-04 17:00:00,+08:00,"Mǎ'ānshān, Guiyang (贵阳马鞍山)",1368,26.6029,106.6856,39,21,9,2.6,2.3,39.4,6.4,58,29,,0.5
2938,2022-06-04 17:00:00,+08:00,"City EPA station, Guiyang (贵阳市环保站)",1369,26.5689,106.6971,55,55,22,4.6,6.4,45.9,3.7,58,29,,0.5
2939,,+08:00,"Jinyang New District, Guiyang (贵阳金阳新区)",1370,,,-,,,,,,,,,,
2940,,+08:00,"Wudang District, Guiyang (贵阳乌当区)",1371,26.6343,106.7487,-,,,,,,,61,9,,2.5
2941,,+08:00,"Huaxi District, Guiyang (贵阳花溪区)",1372,26.4364,106.6554,-,,,,,,,61,9,,2.5
2942,,+08:00,"Xiaohe District, Guiyang (贵阳小河区)",1373,26.5155,106.6948,-,,,,,,,61,9,,2.5
2943,,+08:00,"Hongbianmen, Guiyang (贵阳鸿边门)",1374,26.6009,106.7105,-,,,,,,,61,9,,2.5
2944,,+08:00,"Yejingting, Guiyang (贵阳冶金厅)",1375,26.5697,106.7164,-,,,,,,,61,9,,2.5
2945,2022-06-04 17:00:00,+08:00,"Taici Bridge, Guiyang (贵阳太慈桥)",1376,26.5495,106.6867,50,50,27,4.1,5.5,41.1,4.6,58,29,,0.5
2946,,+0800,"Jinyang District, Guiyang",5198,,,-,,,,,,,78,24,,4.9
2947,2021-01-01 01:00:00,+08:00,"Tongmuling, Guiyang (贵阳桐木岭)",1422,26.3003,106.805,114,114,57,7.1,7.4,20.4,5.5,59,0,,2.5
2948,2022-06-04 18:00:00,+08:00,"Gantianba, Zunyi (遵义干田坝)",4318,27.72,106.9178,36,34,9,2.6,1.9,35.8,7.3,61,29.5,99.1,1
2949,2022-06-04 18:00:00,+08:00,"Fènghuáng shān, Zunyi (遵义凤凰山)",4319,27.7019,106.9242,57,57,20,2.6,2.8,37.4,5.5,61,29.5,99.1,1
2950,2022-06-04 18:00:00,+08:00,"Zhongzhuang, Zunyi (遵义忠庄)",4320,27.6486,106.8906,37,21,20,1.6,2.8,37.4,4.6,61,29.5,99.1,1
2951,2022-06-04 18:00:00,+08:00,"Zhoushui  Bridge, Zunyi (遵义舟水桥)",4321,27.6506,106.9231,40,30,12,1.1,4.2,40.3,5.5,61,29.5,99.1,1
2952,2022-06-04 18:00:00,+08:00,"Dingzikou, Zunyi (遵义丁字口)",4322,27.6869,106.9222,50,50,20,2.6,4.2,39.4,6.4,61,29.5,99.1,1
2953,2022-06-04 17:00:00,+08:00,Guiyang (贵阳),1563,26.647661,106.630154,55,55,27,4.6,6.4,45.9,6.4,58,29,,0.5
2954,2022-06-04 17:00:00,+08:00,Zunyi (遵义),1564,27.725654,106.927389,61,61,26,2.6,4.6,38.2,5.5,66.9,27.4,99.1,2
2955,,+08:00,"Guānshàng, Kunming (昆明关上)",1377,25.0124,102.743,-,,,,,,,100,6,,4.6
2956,2022-06-04 18:00:00,+08:00,"Chenggong New Area, Kunming (昆明呈贡新区)",1378,24.8885,102.821,42,42,30,4.1,2.8,39.4,4.6,53,24,,6.6
2957,2022-05-06 13:00:00,+08:00,"Xishan Forest Park, Kunming (昆明西山森林公园)",1379,24.9624,102.625,63,63,32,4.6,4.2,45.1,6.4,45,20,,4.6
2958,2022-06-04 18:00:00,+08:00,"Longquan Town, Kunming (昆明龙泉镇)",1380,25.0836,102.728,39,30,24,4.6,2.3,38.6,3.7,53,24,,6.6
2959,2022-06-04 17:00:00,+08:00,"Dongfeng East Road, Kunming (昆明东风东路)",1381,25.0405,102.722,42,42,11,3.1,6,37,3.7,53,24,,6.6
2960,2022-06-04 18:00:00,+08:00,"Jinding Mountain, Kunming (昆明金鼎山)",1382,25.067,102.681,38,34,17,5.1,3.2,37.8,2.8,53,24,,6.6
2961,2022-06-04 18:00:00,+08:00,"Biji Square, Kunming (昆明碧鸡广场)",1383,25.0359,102.638,37,30,13,5.6,6,37.4,5.5,53,24,,6.6
2962,2022-06-04 18:00:00,+08:00,"Dongfeng Reservoir, Yuxi (玉溪东风水库)",3473,24.3694,102.5778,46,46,18,4.1,3.2,37.4,4.6,53,24,,6.6
2963,,+08:00,"City Monitoring Station, Yuxi (玉溪市监测站)",3474,24.3603,102.5433,-,,,,,,,100,6,,4.6
2964,,+08:00,"Dayingjie town, Yuxi (玉溪大营街镇)",3475,24.3411,102.4964,-,,,,,,,96,8.6,99.2,1
2965,2022-06-04 18:00:00,+08:00,"Tobacco Factory office, Qujing (曲靖烟厂办公区)",4434,25.5364,103.8,42,38,11,2.1,3.2,41.5,4.6,52.8,26.5,99.4,4
2966,2022-06-04 18:00:00,+08:00,"Environmental Monitoring Station, Qujing (曲靖环境监测站)",4302,25.5035,103.7897,50,50,30,3.1,6.4,41.5,6.4,52.8,26.5,99.4,4
2967,2022-06-04 18:00:00,+08:00,Kunming (昆明),1565,24.880182,102.832861,42,42,30,4.1,2.8,39.4,4.6,53,24,,6.6
2968,2022-06-04 18:00:00,+08:00,Qujing (曲靖),1566,25.49001,103.796167,50,50,30,3.1,6.4,41.5,6.4,52.8,26.5,99.4,4
2969,2022-06-04 18:00:00,+08:00,Yuxi (玉溪),1567,24.352036,102.546543,46,46,27,4.1,3.7,38.2,4.6,53,24,99.2,6.6
2970,2022-06-04 18:00:00,+08:00,Lijiang (丽江),7913,26.855047,100.227751,32,30,13,1.1,1.9,32.1,14,54.9,22.3,0.3,4
2971,2022-06-04 18:00:00,+08:00,Honghe (红河州),7914,23.36313,103.374799,38,38,29,3.6,2.8,35.8,3.7,49.9,28.9,99.4,4
2972,2022-06-04 18:00:00,+08:00,"City EPA, Baoshan (保山市环保局)",7208,25.1328,99.1711,35,25,9,2.1,2.3,34.6,4.6,71.1,22.4,99.4,4
2973,2022-06-04 18:00:00,+08:00,"City Environmental Monitoring Station, Baoshan (保山市环境监测站)",7209,25.1081,99.1678,35,25,9,2.1,2.3,34.6,4.6,71.1,22.4,99.4,4
2974,2022-06-04 18:00:00,+08:00,"Monitoring station, Zhaotong (昭通监测站)",7210,27.3392,103.7032,42,42,18,4.1,2.8,35.4,5.5,72,22.6,0.4,2
2975,2022-06-04 18:00:00,+08:00,"Environment protection office, Zhaotong (昭通环保局)",7211,27.3361,103.7225,36,30,24,3.6,2.8,36.2,4.8,72,22.6,0.4,2
2976,2022-06-04 18:00:00,+08:00,"xīnán jiāo, Lijiang (丽江西南郊)",7212,26.8576,100.2143,32,30,13,1.1,1.9,32.1,14,54.9,22.3,0.3,4
2977,2022-06-04 18:00:00,+08:00,"lìjiāng gǔchéng, Lijiang (丽江丽江古城)",7213,26.8802,100.2497,31,9,18,3.6,3.7,30.9,5.5,54.9,22.3,0.3,4
2978,2022-06-04 18:00:00,+08:00,"City center, Lijiang (丽江市中心)",7214,26.8906,100.2203,29,17,11,5.1,3.7,29.3,5.5,54.9,22.3,0.3,4
2979,,+0800,"City EPA, Simao",7215,,,-,,,,,,,,,,
2980,,+0800,"Puer No2 middle school, Simao",7216,,,-,,,,,,,,,,
2981,2022-06-04 18:00:00,+08:00,"City EPA, Lincang (临沧市环保局)",7217,23.8822,100.0869,80,80,51,3.1,2.3,33.3,6.4,64.2,24.2,99.6,1
2982,2022-06-04 18:00:00,+08:00,"Bureau of Meteorology, Lincang (临沧市气象局)",7218,23.8982,100.0782,85,85,44,4.6,4.2,31.3,7.3,64.2,24.2,99.6,1
2983,2022-06-04 18:00:00,+08:00,"State Environmental Monitoring Station, Chuxiong (楚雄州州环境监测站)",7553,25.0441,101.5482,35,21,15,2.6,2.3,34.6,3.7,47.2,26.8,99.2,4
2984,2022-06-04 18:00:00,+08:00,"City Economic Development Zone, Chuxiong (楚雄州市经济开发区)",7554,25.0492,101.538,38,38,17,2.6,2.8,33.3,5.5,47.2,26.8,99.2,4
2985,,+08:00,"Yǔguò pù, Honghe (红河州雨过铺)",7555,23.4626,103.3113,-,,,,,,,87.1,13.4,0.7,3
2986,2022-06-04 18:00:00,+08:00,"Sewage treatment plant, Honghe (红河州污水处理厂)",7556,23.3993,103.3772,38,38,29,3.6,2.8,35.8,3.7,49.9,28.9,99.4,4
2987,2022-06-04 18:00:00,+08:00,"Monitoring station, Honghe (红河州监测站)",7557,23.4168,103.386,63,63,41,3.6,5.1,30.5,3.7,49.9,28.9,99.4,4
2988,2022-06-04 18:00:00,+08:00,"State Water Authority, Wenshan (文山州州水务局)",7219,23.3594,104.2533,61,61,28,1.6,2.8,33.8,2.8,49.9,28.9,99.4,4
2989,2022-06-04 18:00:00,+08:00,"City convenient service centers, Wenshan (文山州市便民服务中心)",7220,23.3892,104.2319,68,68,38,1.6,4.6,31.3,2.8,49.9,28.9,99.4,4
2990,2022-06-04 18:00:00,+08:00,"Jinghong City Jiangnan, Xishuangbanna (西双版纳州景洪市江南)",7221,22.0019,100.7939,57,57,29,2.6,3.2,19.5,4.6,58.1,32.6,99.1,2
2991,2022-06-04 17:00:00,+08:00,"Jinghong Jiangbei, Xishuangbanna (西双版纳州景洪市江北)",7222,22.0225,100.8017,25,25,10,5.6,2.8,19.9,3.7,58.1,32.6,99.1,2
2992,2022-06-04 18:00:00,+08:00,"Xingqing Compound, Xian (西安兴庆小区)",1391,34.2629,108.993,55,55,39,2.1,7.8,27.3,6.4,88,18,,3.6
2993,2022-06-04 18:00:00,+08:00,"Xiaozhai, Xian (西安小寨)",1393,34.2324,108.94,59,59,33,0.6,6.4,26.4,2.8,88,18,,3.6
2994,2022-06-04 18:00:00,+08:00,"City People Stadium, Xian (西安市人民体育场)",1394,34.2713,108.954,63,63,40,2.1,4.6,30.9,2.1,88,18,,3.6
2995,2022-06-04 18:00:00,+08:00,"Gaoxin West Area, Xian (西安高新西区)",1395,34.2303,108.883,59,59,42,3.6,5.5,30.1,3.7,88,18,,3.6
2996,2022-06-04 18:00:00,+08:00,"Economic Development Zone, Xian (西安经开区)",1396,34.3474,108.935,59,59,30,1.1,5.5,31.3,2.8,88,18,,3.6
2997,2022-06-04 18:00:00,+08:00,"Chang'an District, Xian (西安长安区)",1397,34.1546,108.906,55,55,29,3.1,5.1,30.1,3.7,88,18,,3.6
2998,,+08:00,"Yanliang District, Xian (西安阎良区)",1398,34.6575,109.2,-,,,,,,,93,4,,0.5
2999,2022-06-04 18:00:00,+08:00,"Lintong District, Xian (西安临潼区)",1399,34.3731,109.2186,65,65,33,1.1,5.5,31.3,4.6,88,18,,3.6
3000,,+08:00,"Cǎotān, Xian (西安草滩)",1400,34.378,108.869,-,,,,,,,88,18,,3.6
3001,2022-06-04 18:00:00,+08:00,"Qujiang Cultural Industry Group, Xian (西安曲江文化产业集团)",1401,34.1978,108.985,99,99,20,2.1,9.2,25.2,14.5,88,18,,3.6
3002,2022-06-04 18:00:00,+08:00,"Guangyuntan, Xian (西安广运潭)",1402,34.3274,109.043,59,59,39,3.1,6.4,30.1,2.8,88,18,,3.6
3003,,+08:00,"City Stadium, Xian (西安市体育场)",5689,,,-,,,,,,,,,,
3004,2022-06-04 18:00:00,+08:00,"Sanlu Hospital, Baoji (宝鸡三陆医院)",3425,34.3672,107.1906,63,63,46,2.6,11,12.6,3.7,79,18,0.3,1
3005,2022-06-04 18:00:00,+08:00,"Zhuyuangou, Baoji (宝鸡竹园沟)",3426,34.3017,107.0708,63,63,41,2.1,4.2,22.8,3.7,79,18,0.3,1
3006,2022-06-04 18:00:00,+08:00,"Monitoring station, Baoji (宝鸡监测站)",3427,34.3547,107.1431,72,72,38,2.1,13.8,11.4,3.7,79,18,0.3,1
3007,2022-06-04 18:00:00,+08:00,"Technical Schools, Baoji (宝鸡技工学校)",3428,34.3739,107.1186,85,85,39,2.1,10.6,15.9,3.1,79,18,0.3,1
3008,2022-06-04 18:00:00,+08:00,"Chencang EPA compound, Baoji (宝鸡陈仓区环保局家属楼)",3429,34.35111111039,107.38861110022,87,87,54,2.6,6.4,21.2,3,79,18,0.3,1
3009,2022-06-04 18:00:00,+08:00,"University of Arts, Baoji (宝鸡文理学院)",4413,34.3497,107.2058,61,61,40,3.1,16.5,11.4,2.8,79,18,0.3,1
3010,2022-06-04 18:00:00,+08:00,"Sandi Primary School, Baoji (宝鸡三迪小学)",4414,34.3622,107.2386,65,65,48,3.1,13.3,13.9,2,79,18,0.3,1
3011,2022-06-04 18:00:00,+08:00,"Miaogou Village, Baoji (宝鸡庙沟村)",4415,34.3708,107.1586,72,72,35,2.1,5.1,20.4,2.2,79,18,0.3,1
3012,2022-06-04 18:00:00,+08:00,"Xīnqū guǎnwěihuì, Tongchuan (铜川新区管委会)",3454,34.9058,108.9344,61,61,35,2.1,4.2,26.9,2.8,88,18,,3.6
3013,2022-06-04 18:00:00,+08:00,"Party School, Tongchuan (铜川党校)",3456,35.0994,109.0656,57,57,47,4.1,12.8,15.9,7.6,88,18,,3.6
3014,2022-06-04 18:00:00,+08:00,"Wangyi District Government, Tongchuan (铜川王益区政府)",4416,35.0697,109.0697,102,102,49,2.6,7.4,25.2,3.7,88,18,,3.6
3015,2021-02-25 14:00:00,+08:00,"Xīnqū lánzhī gōngsī, Tongchuan (铜川新区兰芝公司)",4417,34.8731,108.9589,168,168,72,2.6,11.9,4.1,10.9,93,4,,0.5
3016,2022-06-04 18:00:00,+08:00,"Agriculture Science Institute, Weinan (渭南农科所)",3457,34.5101,109.5293,72,72,27,3.1,7.4,24.4,4.3,88,18,,3.6
3017,2022-06-04 18:00:00,+08:00,"Gymnasium, Weinan (渭南体育馆)",3458,34.493,109.4636,50,50,27,2.6,14.2,20.8,4.6,88,18,,3.6
3018,2022-06-04 18:00:00,+08:00,"Daily newspaper office, Weinan (渭南日报社)",3459,34.5004,109.5049,61,61,29,2.6,9.6,21.6,4.1,88,18,,3.6
3019,2022-06-04 18:00:00,+08:00,"Gāoxīn yī xiǎo, Weinan (渭南高新一小)",4418,34.5021,109.4266,50,50,35,1.6,8.3,25.6,4.1,88,18,,3.6
3020,2022-06-04 18:00:00,+08:00,"Zhōnghuá xiǎoqū, Xianyang (咸阳中华小区)",3460,34.3181,108.6761,80,80,53,1.1,5.1,25.6,2.8,88,18,,3.6
3021,2022-06-04 18:00:00,+08:00,"Weather Monitoring Station, Xianyang (咸阳气象站)",3462,34.3956,108.7197,72,72,54,2.6,2.3,24.8,7.1,88,18,,3.6
3022,2022-06-04 18:00:00,+08:00,"TCM Medical College, Xianyang (咸阳中医学院)",4419,34.3164,108.7369,74,74,53,2.1,5.5,24.4,4.1,88,18,,3.6
3023,2021-02-25 14:00:00,+08:00,"City Monitoring Station, Yanan (延安市监测站)",3463,36.5767,109.4824,172,172,47,3.1,13.8,22,10.3,91.8,2.6,99.6,2
3024,2022-06-04 18:00:00,+08:00,"Zǎo yuán, Yanan (延安枣园)",3464,36.6275,109.4131,61,57,51,3.1,3.7,61,2.4,28.1,27,1.2,2
3025,2022-06-04 18:00:00,+08:00,"University Hospital, Yanan (延安延大医附院)",3465,36.6028,109.4761,63,63,55,2.6,6.9,54.5,2.9,28.1,27,1.2,2
3026,2022-06-04 18:00:00,+08:00,"Bǎi mǐ dàdào, Yanan (延安百米大道)",4420,36.6106,109.5056,70,70,55,2.1,4.2,52.6,4,28.1,27,1.2,2
3027,2022-06-04 18:00:00,+08:00,Xian (西安),1569,34.341568,108.940175,59,59,30,1.1,5.5,31.3,2.1,88,18,,3.6
3028,2022-06-04 18:00:00,+08:00,Tongchuan (铜川),1570,34.896756,108.945233,102,102,49,2.6,12.8,26.9,7.6,88,18,,3.6
3029,2022-06-04 18:00:00,+08:00,Baoji (宝鸡),1571,34.36198,107.237974,87,87,54,2.1,16.5,22.8,3.7,79,18,0.3,1
3030,2022-06-04 18:00:00,+08:00,Xianyang (咸阳),1572,34.329563,108.709003,80,80,54,2.1,6,25.6,8.2,88,18,,3.6
3031,2022-06-04 18:00:00,+08:00,Weinan (渭南),1573,34.499995,109.509786,72,72,35,3.1,14.2,25.6,4.6,88,18,,3.6
3032,2022-06-04 18:00:00,+08:00,Yanan (延安),1574,36.585455,109.489727,70,70,55,3.1,6.9,61,4,28.1,27,1.2,2
3033,2021-01-01 02:00:00,+08:00,"EPA Chencang, Baoji (宝鸡陈仓环保局)",7846,34.3528,107.3906,173,173,92,13.2,21.5,3.3,10.9,64.2,-7.7,,3
3034,2022-06-04 18:00:00,+08:00,"Hanchuan Machine factory school, Hanzhong (汉中汉川机床厂子校)",7847,33.1842,106.9893,70,70,57,2.1,5.5,25.2,4.8,100,19,0.5,1
3035,2022-06-04 18:00:00,+08:00,"City Monitoring Station, Hanzhong (汉中市监测站)",7848,33.0706,107.0154,85,85,41,1.6,6.9,26.9,4.6,100,19,0.5,1
3036,2022-06-04 18:00:00,+08:00,"Xinyuan BDA, Hanzhong (汉中鑫源开发区)",7849,33.1138,107.0089,72,72,45,2.1,7.8,25.6,4.8,100,19,0.5,1
3037,2022-06-04 18:00:00,+08:00,"Nanzheng big Hekan Waterworks, Hanzhong (汉中南郑大河坎水厂)",7850,33.0323,107.007,78,78,56,1.6,5.5,26,2.8,100,19,0.5,1
3038,2022-06-04 18:00:00,+08:00,"xiāng xī dòng, An'kang (安康香溪洞)",7855,32.6778,109.0311,27,17,11,2.6,2.3,26.9,3.2,23,18.8,,5
3039,2022-06-04 18:00:00,+08:00,"Ankang City Stations, An'kang (安康安康市监测站)",7856,32.6939,109.0281,29,25,10,2.1,2.8,28.5,2.8,23,18.8,,4.6
3040,2022-06-04 18:00:00,+08:00,"Hanbin Procuratorate, An'kang (安康汉滨区检察院)",7857,32.6975,109.0072,30,30,9,3.6,2.8,26.4,2.9,23,18.8,,4.6
3041,2022-06-04 18:00:00,+08:00,"Monitoring station, Shangluo (商洛监测站)",7858,33.8715,109.9154,65,65,22,3.1,2.3,37.8,3.7,80,10.3,0.9,3
3042,,+08:00,"East Yongsan Bureau of Meteorology, Shangluo (商洛东龙山气象局)",7859,33.8509,109.966,-,,,,,,,46.2,-2.4,99,8
3043,2022-06-04 18:00:00,+08:00,"Shangzhou District Middle School, Shangluo (商洛商州区中学)",9889,33.8471,109.9643,42,42,32,1.1,4.6,37,3.7,80,10.3,0.9,3
3044,2022-06-04 18:00:00,+08:00,"Weather station, Xianyang (咸阳气象站(对照点))",10447,34.3956,108.7197,72,72,54,2.6,2.3,24.8,7.3,88,18,,3.6
3045,2021-12-01 16:00:00,+08:00,"Gaoling County Radio Monitoring Center, Xian (西安高陵县无线电监控中心)",11101,34.529722219905,109.09972220002,72,72,53,5.6,7.8,23.2,2.9,29,9,,0.5
3046,2022-06-04 18:00:00,+08:00,"Zhouzhi County Environmental Protection Bureau, Xian (西安周至县环保局)",11102,34.158611110415,108.21388890005,70,70,53,2.1,7.4,23.2,5.2,88,18,,3.6
3047,2022-06-04 18:00:00,+08:00,"Lantian County Government, Xian (西安蓝田县政府)",11103,34.157499999826,109.31444440009,112,112,19,3.1,7.4,28.5,8.9,88,18,,3.6
3048,2021-12-01 16:00:00,+08:00,"Hu County Cultural and Sports Bureau, Xian (西安户县文体局)",11104,34.109166670306,108.60055560006,102,102,64,5.1,14.2,26.9,3.8,29,9,,0.5
3049,2022-06-04 18:00:00,+08:00,"Jixian Environmental Protection Bureau, Baoji (宝鸡陇县环保局)",11105,34.899166669807,106.8511111004,74,74,50,6.1,2.8,35,0.2,79,18,0.3,1
3050,2022-06-04 18:00:00,+08:00,"Linyou County Environmental Protection Bureau, Baoji (宝鸡麟游县环保局)",11106,34.675277779946,107.79194439972,55,55,36,3.6,2.3,33.8,5.9,88,18,,3.6
3051,2022-06-04 18:00:00,+08:00,"Qianyang County Environmental Protection Bureau, Baoji (宝鸡千阳县环保局)",11107,34.645833330445,107.12055559996,59,38,59,10.2,3.7,32.5,5.9,79,18,0.3,1
3052,2022-06-04 18:00:00,+08:00,"Fengxiang County Environmental Protection Bureau, Baoji (宝鸡凤翔县环保局)",11108,34.514999999651,107.39361109967,72,72,56,5.1,8.3,35,5.3,79,18,0.3,1
3053,2022-06-04 18:00:00,+08:00,"Fufeng County Environmental Protection Bureau, Baoji (宝鸡扶风县环保局)",11109,34.376944440135,107.88583330027,61,61,59,2.6,2.3,25.6,2.8,88,18,,3.6
3054,2022-06-04 18:00:00,+08:00,"Meixian Environmental Protection Bureau, Baoji (宝鸡眉县环保局)",11110,34.265000000151,107.75972219982,78,78,56,2.6,8.3,23.6,4.9,88,18,,3.6
3055,2022-06-04 18:00:00,+08:00,"Taibai County Commission for Discipline Inspection, Baoji (宝鸡太白县纪委)",11111,34.058888889611,107.31777779971,122,122,70,4.1,1.4,32.9,1.9,79,18,0.3,1
3056,2022-06-04 18:00:00,+08:00,"Daishan County Environmental Protection Bureau, Baoji (宝鸡岐山县环保局)",11112,34.444166670356,107.62138889998,65,65,37,3.1,2.3,36.6,0.8,79,18,0.3,1
3057,2022-06-04 18:00:00,+08:00,"Fengxian Civic Center, Baoji (宝鸡凤县市民中心)",11113,33.91222221988,106.51277780006,93,93,53,3.1,4.2,27.7,3.6,61,20.7,0.1,2
3058,2022-06-04 18:00:00,+08:00,"Wugong County Monitoring Station, Xianyang (咸阳武功县监测站)",11114,34.259166670007,108.20833330034,53,53,53,3.1,4.6,27.3,4.4,88,18,,3.6
3059,2022-06-04 18:00:00,+08:00,"Liquan County Environmental Protection Bureau, Xianyang (咸阳礼泉县环保局)",11115,34.486388889836,108.43722220045,82,82,46,1.1,7.4,20.8,2,88,18,,3.6
3060,2022-06-04 18:00:00,+08:00,"Shuyang County, Xianyang (咸阳泾阳县泾干广场)",11116,34.532499999976,108.83527779973,63,63,41,1.1,6,28.5,5.3,88,18,,3.6
3061,2022-06-04 18:00:00,+08:00,"Xunyi County Environmental Protection Bureau, Xianyang (咸阳旬邑县环保局)",11117,35.108611110315,108.32305560044,57,57,35,3.6,1.9,20.8,5.6,88,18,,3.6
3062,2022-06-04 18:00:00,+08:00,"Bin County Environmental Protection Bureau, Xianyang (咸阳彬县环保局)",11118,35.037500000226,108.08249999958,61,61,40,2.6,6,17.9,4.1,88,18,,3.6
3063,2022-06-04 18:00:00,+08:00,"Sanyuan County Stadium, Xianyang (咸阳三原县体育场)",11119,34.620277779697,108.9322222,63,63,29,1.1,3.2,37.8,2.2,88,18,,3.6
3064,2022-06-04 18:00:00,+08:00,"Ganxian Agricultural Bureau, Xianyang (咸阳乾县农业局)",11120,34.52944444001,108.23472219977,80,80,45,2.1,1.9,33.8,2.3,88,18,,3.6
3065,2022-06-04 18:00:00,+08:00,"Xingping City Water Company, Xianyang (咸阳兴平市自来水公司)",11121,34.30333332987,108.47777779991,74,74,54,4.1,4.6,23.6,6.1,88,18,,3.6
3066,2022-06-04 18:00:00,+08:00,"Changwu County Changwu Middle School, Xianyang (咸阳长武县长武中学)",11122,35.211944440085,107.77916669988,59,59,41,2.6,2.3,28.9,1.6,56.9,21.6,99.6,2
3067,2022-06-04 18:00:00,+08:00,"Suihua County Government, Xianyang (咸阳淳化县政府)",11123,34.800555559592,108.57499999985,63,63,28,2.6,1.9,33.8,4,88,18,,3.6
3068,2022-06-04 18:00:00,+08:00,"Yongshou County Environmental Protection Bureau, Xianyang (咸阳永寿县环保局)",11124,34.693055560167,108.13666669971,70,70,37,4.6,3.7,34.2,5.7,88,18,,3.6
3069,2022-06-04 18:00:00,+08:00,"Yaozhou District Government, Tongchuan (铜川耀州区政府)",11125,34.911111109991,108.97472220027,59,59,40,2.1,8.3,18.7,3.6,88,18,,3.6
3070,2022-06-04 18:00:00,+08:00,"Yintai District Government, Tongchuan (铜川印台区政府)",11126,35.12071700039,109.10610299965,80,80,51,2.6,11,21.2,6.2,88,18,,3.6
3071,2022-06-04 18:00:00,+08:00,"Yijun County Government, Tongchuan (铜川宜君县政府)",11127,35.398888889811,109.11166669956,76,76,57,2.1,2.8,28.1,3.6,99,21.6,,
3072,2022-06-04 18:00:00,+08:00,"Huazhou District Government, Weinan (渭南华州区政府)",11129,34.49944443971,109.77083329992,59,59,61,5.1,2.3,29.7,7,88,18,,3.6
3073,2022-06-04 18:00:00,+08:00,"Dayi County Urban Management Bureau, Weinan (渭南大荔县城管局)",11130,34.791111109691,109.94611110015,53,53,21,3.1,4.6,30.5,5.9,80,10.3,0.9,3
3074,2022-06-04 18:00:00,+08:00,"Pucheng County Government, Weinan (渭南蒲城县政府)",11131,34.956944440235,109.5811110998,65,65,27,3.1,4.2,24.4,7.5,88,18,,3.6
3075,2022-06-04 18:00:00,+08:00,"Chengcheng County Government, Weinan (渭南澄城县政府)",11132,35.191111109791,109.92666669991,46,46,15,6.6,1,33.8,2.8,80,10.3,0.9,3
3076,2022-06-04 18:00:00,+08:00,"Baishui County People's Congress, Weinan (渭南白水县人大)",11133,35.178611109816,109.58388889965,59,59,27,2.1,7.4,33.3,7.2,80,10.3,0.9,3
3077,2022-06-04 18:00:00,+08:00,"Fuping County Archives Bureau, Weinan (渭南富平县档案局)",11135,34.753055559867,109.17444440019,30,25,17,2.1,1,30.1,6.1,88,18,,3.6
3078,2022-06-04 18:00:00,+08:00,"Huayin City Government, Weinan (渭南华阴市政府)",11136,34.571801000217,110.09868099983,50,50,17,3.6,11.5,19.5,5.7,80,10.3,0.9,3
3079,2022-06-04 18:00:00,+08:00,"Ansai District People's Hospital, Yanan (延安安塞区人民医院)",11137,36.863611109866,109.32361109977,64,42,47,4.1,2.3,63.6,4.2,28.1,27,1.2,2
3080,2022-06-04 18:00:00,+08:00,"Wuqi County Environmental Protection Bureau, Yanan (延安吴起县环保局)",11138,36.89611111034,108.19361109987,52,42,39,3.6,4.2,51.9,3.7,,,,
3081,2022-06-04 18:00:00,+08:00,"Zhidan County Government, Yanan (延安志丹县政府)",11139,36.82222222018,108.76833329994,53,53,26,2.6,4.6,51.9,3.5,28.1,27,1.2,2
3082,2022-06-04 18:00:00,+08:00,"Fuxian Shaliang Middle School, Yanan (延安富县沙梁中学)",11140,35.995277779647,109.3788888997,91,91,55,5.1,6,37.8,8.1,28.1,27,1.2,2
3083,2022-06-04 18:00:00,+08:00,"Yichuan County Environmental Protection Bureau, Yanan (延安宜川县环保局)",11141,36.055503000164,110.17908599982,59,59,51,2.6,4.2,47.6,3.6,28.1,27,1.2,2
3084,2022-06-04 18:00:00,+08:00,"Luochuan County Apple Bureau, Yanan (延安洛川县苹果局)",11142,35.760555560192,109.42833330024,95,95,16,5.6,3.7,39,7.3,28.1,27,1.2,2
3085,2022-06-04 18:00:00,+08:00,"Huanglong County Tourism Bureau, Yanan (延安黄龙县旅游局)",11143,35.583055560367,109.83694439977,72,72,47,3.1,4.6,37.4,4.7,7,25.2,,2.6
3086,2022-06-04 18:00:00,+08:00,"Huangling County Environmental Protection Bureau, Yanan (延安黄陵县环保局)",11144,35.583888890161,109.24388890015,55,55,52,2.6,4.6,30.9,4.5,,,,
3087,2022-06-04 18:00:00,+08:00,"Yanchuan County Environmental Protection Bureau, Yanan (延安延川县环保局)",11145,36.87722222043,110.18750000023,63,63,61,1.6,4.2,57.8,1.6,28.1,27,1.2,2
3088,2022-06-04 18:00:00,+08:00,"Zichang County Environmental Protection Bureau, Yanan (延安子长县环保局)",11147,37.145833329945,109.68333330009,68,63,46,3.6,2.8,68.2,2.7,28.1,27,1.2,2
3089,2022-06-04 18:00:00,+08:00,"Ganquan County Environmental Protection Bureau, Yanan (延安甘泉县环保局)",11148,36.270555559892,109.35361110007,72,72,60,4.6,2.8,29.7,4.2,28.1,27,1.2,2
3090,2022-06-04 18:00:00,+08:00,"Foping County Environmental Protection Bureau, Hanzhong (汉中佛坪县环保局)",11160,33.518055559817,107.98305560004,61,61,42,3.1,4.6,33.3,3.4,23,18.8,,4.6
3091,2022-06-04 18:00:00,+08:00,"Liuba County Monitoring Station, Hanzhong (汉中留坝县监测站)",11161,33.620000000001,106.91611110045,72,72,49,1.6,1,24,3.5,100,19,0.5,1
3092,2022-06-04 18:00:00,+08:00,"Xixiang County Monitoring Station, Hanzhong (汉中西乡县监测站)",11162,32.990555559792,107.75833330034,34,34,20,1.1,2.3,24,3.4,23,18.8,,4.6
3093,2022-06-04 18:00:00,+08:00,"Lueyang County Maternal and Child Health Hospital, Hanzhong (汉中略阳县妇幼保健院)",11163,33.331111110091,106.15555559991,38,38,26,2.6,3.2,11,4.7,100,19,0.5,1
3094,2022-06-04 18:00:00,+08:00,"Ningqiang County Government, Hanzhong (汉中宁强县政府)",11164,32.831944439985,106.25305560044,27,25,25,2.1,3.7,26.9,0.3,100,19,0.5,1
3095,2022-06-04 18:00:00,+08:00,"Yangxian government, Hanzhong (汉中洋县政府)",11165,33.225000000251,107.54138889978,59,59,11,2.1,4.6,25.2,5.6,23,18.8,,4.6
3096,2022-06-04 18:00:00,+08:00,"Jixian County Government, Hanzhong (汉中勉县政府)",11166,33.154166670057,106.66916669958,70,70,34,4.1,4.2,23.6,2,100,19,0.5,1
3097,2022-06-04 18:00:00,+08:00,"Zhenba County Monitoring Station, Hanzhong (汉中镇巴县监测站)",11167,32.53944444021,107.89055559986,29,13,5,1.6,1.9,28.5,1.6,23,18.8,,4.6
3098,2022-06-04 18:00:00,+08:00,"Nanzheng County Environmental Protection Bureau, Hanzhong (汉中南郑县环保局)",11169,33.00333332977,106.93305560034,50,50,22,1.6,5.1,23.2,2.5,100,19,0.5,1
3099,2022-06-04 18:00:00,+08:00,"Shiquan County Shiquan Middle School, An'kang (安康石泉县石泉中学)",11170,33.046373999761,108.25639100025,50,50,11,3.6,3.2,26.4,6.3,23,18.8,,5
3100,2022-06-04 18:00:00,+08:00,"Hanyin County Environmental Protection Bureau, An'kang (安康汉阴县环保局)",11171,32.896614000337,108.51471100031,38,38,12,2.6,2.3,28.1,4.2,23,18.8,,5
3101,2022-06-04 18:00:00,+08:00,"Ningshan County Environmental Protection Bureau, An'kang (安康宁陕县环保局)",11172,33.315996000316,108.31392300035,59,59,12,4.1,4.6,24.8,4.2,23,18.8,,5
3102,2022-06-04 18:00:00,+08:00,"Xunyang County Environmental Protection Bureau, An'kang (安康旬阳县环保局)",11173,32.834841999859,109.35211000028,38,38,17,4.6,2.3,21.6,2.5,23,18.8,,5
3103,2022-06-04 18:00:00,+08:00,"Gifu County Government Service Center, An'kang (安康岚皋县政府服务中心)",11174,32.313185000388,108.90683100035,42,42,14,5.1,5.5,24,6.5,23,18.8,,5
3104,2022-06-04 18:00:00,+08:00,"Pingli County Civil Affairs Bureau, An'kang (安康平利县民政局)",11175,32.390542000114,109.36869399973,25,25,13,2.6,7.4,24.4,4.6,82,21.6,1.2,2
3105,2022-06-04 18:00:00,+08:00,"Ziyang County Meteorological Bureau, An'kang (安康紫阳县气象局)",11176,32.530440999853,108.54350099967,27,25,13,2.6,1.9,26.9,4.6,23,18.8,,5
3106,2022-06-04 18:00:00,+08:00,"Baihe County Martyrs Cemetery, An'kang (安康白河县烈士陵园)",11177,32.813055559967,110.1100000002,25,25,10,3.1,4.2,24.4,5.6,28,20.2,,0.4
3107,2022-06-04 18:00:00,+08:00,"Zhenping County Environmental Protection Bureau, An'kang (安康镇坪县环保局)",11178,31.885833329845,109.52361110027,42,42,9,2.6,1.4,32.9,5.5,56,32.3,99.8,6
3108,2022-06-04 18:00:00,+08:00,"Danfeng County Environmental Protection Bureau, Shangluo (商洛丹凤县环保局)",11179,33.702467999799,110.32194440041,33,25,25,4.1,6.4,32.5,6.4,89.9,19.1,0.5,2
3109,2022-06-04 18:00:00,+08:00,"Shanyang County Vocational Education Center, Shangluo (商洛山阳县职教中心)",11180,33.52833332962,109.89944439964,37,34,16,3.1,3.2,36.6,3.9,,,,
3110,2022-06-04 18:00:00,+08:00,"Lishui County Environmental Protection Bureau, Shangluo (商洛柞水县环保局)",11181,33.693319999719,109.12080699964,35,34,24,4.1,5.5,34.6,3.7,88,18,,3.6
3111,2022-06-04 18:00:00,+08:00,"Zhen'an County Environmental Protection Bureau, Shangluo (商洛镇安县环保局)",11182,33.426666670232,109.14416670003,25,34,21,4.1,5.5,25.2,6,82,21.6,1.2,2
3112,2022-06-04 18:00:00,+08:00,"Shangnan County Environmental Protection Bureau, Shangluo (商洛商南县环保局)",11183,33.53222222028,110.86777779981,35,34,11,3.6,3.7,35.4,4.8,89.9,19.1,0.5,2
3113,2022-06-04 18:00:00,+08:00,"Luonan County Luonan Middle School, Shangluo (商洛洛南县洛南中学)",11184,34.093055559567,110.1500000003,38,38,21,7.1,6,28.5,5.8,80,10.3,0.9,3
3114,2022-06-04 18:00:00,+08:00,"Modern agricultural industrial park, Yanglin (杨凌示范区现代农业产业园)",11185,34.307777780321,108.03666669991,72,72,50,3.6,1.9,22.8,4.2,88,18,,3.6
3115,2022-05-24 16:00:00,+08:00,"Qinchuan Company, Yanglin (杨凌示范区秦川公司)",11186,34.263055559767,108.09305559964,109,89,65,3.6,7.8,108.6,6.2,38,32,,2.5
3116,2022-06-04 18:00:00,+08:00,"Linyi District Terracotta Warriors and Horses Museum, Xian (西安临潼区兵马俑博物馆)",11193,34.38811200007,109.29103699966,61,61,15,2.1,3.2,31.7,4.7,88,18,,3.6
3117,,+08:00,"Worker hospital, Lanzhou (兰州职工医院)",1403,36.0756,103.712,-,,,,,,,80.5,-11,,1
3118,2022-06-04 18:00:00,+08:00,"Lanlian hotel, Lanzhou (兰州兰炼宾馆)",1404,36.1031,103.631,68,68,39,2.6,5.1,56.5,2.8,26,21,,1.5
3119,,+08:00,"Yuzhong lándà Campus, Lanzhou (兰州榆中兰大校区)",1405,35.94,104.148,-,,,,,,,80.5,-11,,1
3120,2022-06-04 18:00:00,+08:00,"Biological Product Institute, Lanzhou (兰州生物制品所)",1406,36.0725,103.841,65,65,52,3.6,7.4,60.4,5.5,26,21,,1.5
3121,2022-06-04 18:00:00,+08:00,"Railway Design Institute, Lanzhou (兰州铁路设计院)",1407,36.0464,103.831,68,68,51,2.6,12.4,49.2,5.5,26,21,,1.5
3122,,+08:00,"Municipal Science and Technology Commission, Jinchang (金昌市科委)",3847,38.5247,102.1878,-,,,,,,,29.1,-6.4,,3
3123,2021-01-01 01:00:00,+08:00,"Jinchuan Company No.2 Guest House, Jinchang (金昌公司二招)",3848,38.5061,102.1708,80,80,45,7.1,11.5,16.3,9.1,49.8,-8.9,,2
3124,2022-06-04 18:00:00,+08:00,"Xinchuan Court, Jinchang (金昌新川苑)",3849,38.5339,102.1725,52,13,27,2.6,4.2,51.9,3.7,21,26.4,99.2,3
3125,2015-06-24 21:00:00,+0800,"Jiuquan Refractories Company, Jiayuguan",3722,,,-,61,22,5.1,13.8,45,3.8,20,28,,3.1
3126,2022-06-04 18:00:00,+08:00,"Bureau of Meteorology, Jiayuguan (嘉峪关气象局)",3723,39.7711,98.2908,55,55,31,1.1,1.9,53.9,3.7,21.1,26.7,99.5,3
3127,2022-06-04 18:00:00,+08:00,Jinchang (金昌),1576,38.520089,102.188043,52,13,27,2.6,4.2,51.9,3.7,21,26.4,99.2,3
3128,2022-06-04 18:00:00,+08:00,Jiayuguan (嘉峪关),3721,39.77313,98.289152,55,55,31,1.1,1.9,53.9,3.7,21.1,26.7,99.5,3
3129,2021-01-01 02:00:00,+08:00,"Yuyuan Hotel, Baiyin (白银豫源饭店)",7137,36.5458,104.1731,93,93,54,18.3,18.8,9.8,8.2,59,-16,,3.6
3130,2022-06-04 18:00:00,+08:00,"dònglì gōngsī, Baiyin (白银动力公司)",7138,36.5481,104.1731,50,50,31,4.6,2.3,45.9,1.9,26,21,,1.5
3131,2021-01-01 01:00:00,+08:00,"xiānrén yá, Tianshui (天水仙人崖)",7139,34.3469,106.005,65,65,26,4.6,3.7,24.4,2.8,37.6,1.9,,4.1
3132,2021-01-01 01:00:00,+08:00,"jìnbù xiàng, Tianshui (天水进步巷)",7140,34.5814,105.7281,153,153,72,8.2,22.4,1.3,14.5,37.6,1.9,,4.1
3133,2021-01-01 01:00:00,+08:00,"Cultural Center, Tianshui (天水文化馆)",7141,34.5653,105.8614,169,169,104,5.1,22.9,1.7,15.4,37.6,1.9,,4.1
3134,2022-06-04 18:00:00,+08:00,"Monitoring station, Wuwei (武威监测站)",7142,37.9311,102.6219,54,38,35,2.6,3.2,53.9,1,48.9,11.9,99.1,6
3135,,+08:00,"léi tái, Wuwei (武威雷台)",7143,37.9358,102.6469,-,,,,,,,53.9,-9.8,99,3
3136,2021-01-01 01:00:00,+08:00,"Monitoring station, Zhangye (张掖监测站)",7144,38.9467,100.4686,93,93,34,9.7,12.4,10.6,2.8,61.8,-12.8,99,3
3137,2021-01-01 01:00:00,+08:00,"kē wěi, Zhangye (张掖科委)",7145,38.9389,100.4497,132,132,45,7.6,10.1,13,8.2,61.8,-12.8,99,3
3138,2021-01-01 01:00:00,+08:00,"Monitoring station, Pingliang (平凉监测站)",7146,35.5461,106.6692,97,97,49,5.6,21.5,6.1,4.6,37.6,1.9,,4.1
3139,2022-06-04 18:00:00,+08:00,"bówùguǎn, Pingliang (平凉博物馆)",7147,35.5294,106.7039,85,68,85,2.6,6.4,42.3,3.7,33.1,22.9,99.1,1
3140,2022-06-04 18:00:00,+08:00,"cāng mén jiē zi zhàn, Jiuquan (酒泉仓门街子站)",7148,39.746,98.509,54,42,27,2.1,3.7,53.9,3.7,21.1,26.7,99.5,3
3141,2021-01-01 01:00:00,+08:00,"fùkāng jiā shìjiè zi zhàn, Jiuquan (酒泉富康家世界子站)",7149,39.7294,98.5023,82,82,47,4.1,12.8,19.5,4.6,65,-10.9,99.1,3
3142,2021-01-01 01:00:00,+08:00,"District Environmental Protection Bureau, Qingyang (庆阳区环保局)",7150,35.7289,107.6831,153,153,63,8.7,7.8,22,10,41.2,-7.1,,1
3143,2021-01-01 01:00:00,+08:00,"liáng mào zǒng gōngsī, Qingyang (庆阳粮贸总公司)",7151,35.5236,107.6406,147,147,69,4.1,9.6,19.5,7.3,41.2,-7.1,,1
3144,2022-06-04 18:00:00,+08:00,"City EPA, Qingyang (庆阳市环保局)",7152,35.7067,107.6364,65,65,60,3.1,3.7,41.9,1.9,56.9,21.6,99.6,2
3145,2021-01-01 02:00:00,+08:00,"Stations (formerly the Food Authority), Dingxi (定西监测站（原粮食局）)",7153,35.5714,104.6228,122,122,64,7.6,18.3,3.7,7.3,44.8,-10.6,99,7
3146,2021-01-01 02:00:00,+08:00,"South Peak Guest House (former crane factory), Dingxi (定西南峰招待所（原起重机厂）)",7154,35.5975,104.6169,144,144,68,8.2,25.6,2.5,12.7,44.8,-10.6,99,7
3147,2021-01-01 01:00:00,+08:00,"hànwáng zhèn gù shuǐ zi, Longnan (陇南汉王镇固水子)",7155,33.3261,105.0822,85,85,61,7.1,20.6,0.9,6.4,43.9,0.7,,1
3148,2015-06-16 12:00:00,+0800,"Forestry Bureau, Longnan",7156,,,-,97,40,6.1,11,33,6,,,,
3149,2016-02-19 09:00:00,+0800,"Environment protection office, Gannanzhou",7860,,,-,134,89,5.6,5.5,,8.7,,,,
3150,2021-01-01 01:00:00,+08:00,"Environment protection office, Linxiazhou (临夏州环保局)",7861,35.6039,103.2139,194,194,127,5.6,23.4,2.9,17.2,46.8,-14.5,,1
3151,2021-01-01 01:00:00,+08:00,"Zhōu wěi dǎngxiào, Linxiazhou (临夏州州委党校)",7862,35.5997,103.2064,183,183,102,2.6,16,6.5,13.6,46.8,-14.5,,1
3152,,+08:00,"Helanshan Maliankou, Yinchuan (银川贺兰山马莲口)",1408,38.6016,105.9512,-,,,,,,,49,-7.5,,1
3153,,+0800,"Ning'an street, Yinchuan",1409,38.4536,106.217,-,,,,,,,48,22,,3.1
3154,2016-07-04 09:00:00,+0800,"Ninghua living area, Yinchuan",1410,106.0715,38.4858,-,164,92,64.3,18.8,30,9.1,31,30,,3.1
3155,2022-06-04 18:00:00,+08:00,"Helanshan East Road, Yinchuan (银川贺兰山东路)",1411,38.4975,106.2328,62,53,22,3.1,4.6,61.7,3.7,22,28.8,99.2,2
3156,2016-07-04 09:00:00,+0800,"Yinhu Lane, Yinchuan",1423,38.4744,106.2682,-,144,78,18.8,17,29,10,31,30,,3.1
3157,2021-01-01 01:00:00,+08:00,"Shahu Tourism Zone, Shizuishan (石嘴山沙湖旅游区)",4439,38.817,106.3394,176,176,90,4.1,22,2.1,19,51.1,-13.1,,1
3158,2021-01-01 01:00:00,+08:00,"Dawukou huanghe East Street, Shizuishan (石嘴山大武口黄河东街)",4440,39.0153,106.3717,247,247,186,50.3,33,8.6,48.8,51.1,-13.1,,1
3159,2022-06-04 18:00:00,+08:00,"Huinong South Street, Shizuishan (石嘴山惠农南大街)",4441,39.2282,106.7704,46,34,26,5.1,10.6,46.3,2.8,22,28.8,99.2,2
3160,2022-06-04 18:00:00,+08:00,"Hongguozi Town Huixin Street, Shizuishan (石嘴山红果子镇惠新街)",4442,39.1292,106.7096,39,30,24,5.6,5.5,39.4,2.8,22,28.8,99.2,2
3161,2022-06-04 18:00:00,+08:00,Yinchuan (银川),1578,38.487194,106.230909,62,53,22,3.1,4.6,61.7,3.7,22,28.8,99.2,2
3162,,,Shizuishan,1579,,,-,,,,,,,29,-11,,1
3163,2022-06-04 18:00:00,+08:00,"Monitoring station, Wulumuqi (乌鲁木齐监测站)",1413,43.8303,87.5801,44,30,21,4.6,6,44.3,3.7,25,25,,5.6
3164,2022-06-04 18:00:00,+08:00,"Toll office, Wulumuqi (乌鲁木齐收费所)",1414,43.768,87.6046,53,53,26,3.1,5.1,45.9,2.8,25,25,,5.6
3165,2021-01-01 01:00:00,+08:00,"Xinjiang Academy of Agricultural Farms, Wulumuqi (乌鲁木齐新疆农科院农场)",1415,43.9469,87.4754,170,170,72,3.6,47.1,2.1,17.2,77,-19,,1.5
3166,2022-06-04 18:00:00,+08:00,"Railway Bureau, Wulumuqi (乌鲁木齐铁路局)",1416,43.8711,87.5525,46,46,29,4.1,5.5,45.5,3.7,25,25,,5.6
3167,2022-06-04 17:00:00,+08:00,"No.31 middle school, Wulumuqi (乌鲁木齐三十一中学)",1417,43.831,87.6432,46,46,19,6.6,3.7,43.9,2.8,25,25,,5.6
3168,,+08:00,"No.74 middle school, Wulumuqi (乌鲁木齐七十四中学)",1418,43.8729,87.4171,-,,,,,,,67,-8,,0.5
3169,2022-06-04 18:00:00,+08:00,"Midong district EPA bureau, Wulumuqi (乌鲁木齐米东区环保局)",1419,43.962,87.6444,42,25,10,4.6,1.9,41.5,1.9,25,25,,5.6
3170,2021-01-01 01:00:00,+08:00,"Kongque Park, Korla (库尔勒孔雀公园)",4430,41.7511,86.1461,95,95,63,2.1,38.9,1.7,10.9,76.5,-2.2,,0.5
3171,2021-01-01 01:00:00,+08:00,"Cotton Mill, Korla (库尔勒棉纺厂)",4431,41.7192,86.2022,80,80,51,3.1,24.3,9,6.4,76.5,-2.2,,0.5
3172,2021-01-01 01:00:00,+08:00,"BDA, Korla (库尔勒经济开发区)",4432,41.7128,86.2381,57,57,57,3.1,14.2,11.8,4.6,76.5,-2.2,,0.5
3173,2021-01-01 01:00:00,+08:00,"Baijiantan District, Karamay (克拉玛依白碱滩区)",4296,45.6886,85.1186,155,155,77,3.1,22.9,6.5,8.2,74,-18.1,,1
3174,2022-06-04 18:00:00,+08:00,"Chengzheng New Village, Karamay (克拉玛依长征新村)",4297,45.6033,84.8861,37,21,8,2.6,3.7,36.6,1.9,66.1,17.4,0.3,3
3175,2022-06-04 18:00:00,+08:00,"Dushanzi District, Karamay (克拉玛依独山子区)",4298,44.3336,84.8983,43,42,20,3.1,2.3,43.1,3.7,99,5,,4
3176,2022-06-04 18:00:00,+08:00,"Wuerhequ trade buidling, Karamay (克拉玛依乌尔禾区商贸楼)",4300,46.0872,85.6931,38,25,20,4.1,1.9,37.8,2.8,43.1,15.4,99.3,5
3177,2022-06-04 18:00:00,+08:00,"South Forestry Community, Karamay (克拉玛依南林小区)",4433,45.5828,84.8897,59,59,16,4.1,7.4,35.4,2.8,66.1,17.4,0.3,3
3178,2022-06-04 17:00:00,+08:00,Wulumuqi (乌鲁木齐),1580,43.825645,87.616823,46,46,19,6.1,2.8,45.5,3.7,22,26,,5.6
3179,2022-06-04 18:00:00,+08:00,Karamay (克拉玛依),1581,45.579889,84.889207,59,59,20,4.1,7.4,43.1,3.7,66.1,17.4,0.3,5
3180,2021-01-01 01:00:00,+08:00,Korla (库尔勒),4448,41.725891,86.174633,95,95,63,3.1,38.9,11.8,10.9,76.5,-2.2,,0.5
3181,2022-06-04 18:00:00,+08:00,Kashi (喀什地区),7911,39.4704,75.989755,48,21,35,4.1,4.2,48.4,2.8,8,30,,2.5
3182,2022-06-04 18:00:00,+08:00,Yili (伊犁哈萨克),7912,43.936771,81.324433,43,17,17,3.1,5.1,42.7,3.7,45,23.5,99.3,3
3183,2022-06-04 18:00:00,+08:00,"City EPA, Turpan (吐鲁番地区市环保局)",7229,42.9409,89.191,55,55,30,2.6,3.2,48.4,2.8,13,36.3,99,3
3184,2022-06-04 18:00:00,+08:00,"dìqū huánbǎo jú, Turpan (吐鲁番地区地区环保局)",7230,42.9559,89.1673,122,122,26,3.1,7.8,48.4,3.7,13,36.3,99,3
3185,2022-06-04 18:00:00,+08:00,"dìqū jiāncè zhàn, Kumul (哈密地区地区监测站)",7231,42.8172,93.5128,47,42,44,1.6,2.8,46.8,1.9,10,31.7,99,2
3186,2022-06-04 18:00:00,+08:00,"hāmì shīfàn xuéxiào, Kumul (哈密地区哈密师范学校)",7232,42.8328,93.4961,46,34,20,1.6,1.9,45.5,2.8,10,31.7,99,2
3187,2021-01-01 02:00:00,+08:00,"Tianshan Tianchi, Sanji (昌吉州天山天池)",7233,44.1564,87.9897,31,9,1,2.6,1,30.9,2.8,80.5,-18,,2
3188,2021-01-01 02:00:00,+08:00,"State Stations, Sanji (昌吉州州监测站)",7234,44.0114,87.2997,189,189,106,4.1,30.7,3.7,19.9,80.5,-18,,2
3189,2022-06-04 18:00:00,+08:00,"New government center, Sanji (昌吉州新区政务中心)",7235,44.0297,87.2717,50,50,21,3.6,8.3,44.7,1,25,25,,5.6
3190,2022-06-04 18:00:00,+08:00,"TV station, Aksu (阿克苏地区电视台)",7236,41.1636,80.2828,46,17,13,2.6,1.4,46.3,3.7,31,25.1,99,3
3191,2022-06-04 18:00:00,+08:00,"Art Center, Aksu (阿克苏地区艺术中心)",7237,41.1933,80.2956,49,30,14,2.6,2.3,48.8,4.6,31,25.1,99,3
3192,2022-06-04 18:00:00,+08:00,"Patrol unit, Kashi (喀什地区巡警大队)",7239,39.5371,75.9828,49,42,10,3.6,5.5,48.8,3.7,8,30,,2.5
3193,2022-06-04 18:00:00,+08:00,"wú bàn, Kashi (喀什地区吾办)",7240,39.4699,75.9771,48,21,35,4.1,4.2,48.4,2.8,8,30,,2.5
3194,2022-06-04 18:00:00,+08:00,"City Environmental Monitoring Station, Kashi (喀什地区市环境监测站)",7241,39.4365,75.9435,49,21,24,3.1,8.7,49.2,4.6,8,30,,2.5
3195,2020-06-25 19:00:00,+08:00,"dìqū zhàn, Hotan (和田地区地区站)",7242,37.1152,79.9485,119,119,116,3.6,6.9,46.8,8.2,43,21.6,99.7,3
3196,2020-06-26 11:00:00,+08:00,"gǔjiāng bā gé xiāng yuànnèi, Hotan (和田地区古江巴格乡院内)",7243,37.1013,79.9117,-,177,114,6.1,12.8,32.1,5.5,22.1,25.3,99.7,1
3197,2022-06-04 18:00:00,+08:00,"City EPA, Yili (伊犁哈萨克州市环保局)",7244,43.9404,81.2815,45,21,26,2.6,4.6,44.7,3.7,45,23.5,99.3,3
3198,2022-06-04 18:00:00,+08:00,"New Government Area, Yili (伊犁哈萨克州新政府片区)",7245,43.895,81.2867,42,30,18,3.1,3.2,42.3,3.7,45,23.5,99.3,3
3199,2022-06-04 18:00:00,+08:00,"No.2 water factory, Yili (伊犁哈萨克州第二水厂)",7246,43.941,81.3364,43,17,17,3.1,5.1,42.7,3.7,45,23.5,99.3,3
3200,2022-06-04 18:00:00,+08:00,"dōng mén wài xiǎo yóuyuán, Tacheng (塔城地区东门外小游园)",7247,46.7432,82.9994,33,21,14,1.6,1.9,33.3,3.7,29,24.4,99.2,3
3201,2021-01-01 02:00:00,+08:00,"xiǎo dōng gōu, Altay (阿勒泰地区小东沟)",7248,47.9047,88.1214,70,70,27,7.6,22.9,2.9,5.5,75.7,-19.4,99.1,1
3202,2022-06-04 18:00:00,+08:00,"City Station, Altay (阿勒泰地区市站)",7249,47.8515,88.1267,43,42,13,1.1,6.9,42.7,1,31,22,0.2,3
3203,2022-06-04 18:00:00,+08:00,"àiqīng shīgē guǎn, Shihezi (石河子艾青诗歌馆)",7250,44.2967,86.0497,55,55,35,4.6,2.3,43.5,2.8,,,,
3204,2022-06-04 18:00:00,+08:00,"yángguāng xuéxiào, Shihezi (石河子阳光学校)",7251,44.3075,86.0697,59,21,59,3.6,2.8,42.3,3.7,,,,
3205,2022-06-04 18:00:00,+08:00,"Agricultural Water Tower, Wujiaqu (五家渠农水大厦)",7252,44.1756,87.5475,42,17,11,3.6,4.2,41.9,3.7,25,25,,5.6
3206,2022-06-04 18:00:00,+08:00,"培训基地, Wulumuqi (乌鲁木齐培训基地)",9887,43.4569,87.4651,55,34,31,4.6,4.6,55.2,3.7,25,25,,5.6
3207,2022-06-04 17:00:00,+08:00,"Public security bureau, Daxinganling (大兴安岭地公安局)",10445,50.4217,124.1303,42,42,10,2.1,2.3,32.1,2.9,,,,
3208,2019-12-31 15:00:00,+08:00,"Environment protection office, Daxinganling (大兴安岭地环保局)",10446,50.4269,124.1186,-,89,62,7.1,3.7,17.1,19,,,,
3209,2022-06-04 18:00:00,+08:00,"Luohe new town, Xixian New District (西咸新区泾河新城)",11187,34.497777780121,108.85583329977,76,76,41,3.1,6.4,25.2,3.2,88,18,,3.6
3210,2022-06-04 18:00:00,+08:00,"Fengxi new town, Xixian New District (西咸新区沣西新城)",11188,34.295555560242,108.70972219972,85,85,53,2.1,7.4,27.3,3.3,88,18,,3.6
3211,2019-06-26 17:00:00,+08:00,"Qinhan new town, Xixian New District (西咸新区秦汉新城)",11189,34.40444444026,108.87583330027,87,87,54,2.6,7.8,77.3,8.1,,,,1.5
3212,2019-06-26 17:00:00,+08:00,"Jidong New City, Xixian New District (西咸新区沣东新城)",11190,34.263055559767,108.76972220032,93,91,54,2.6,10.1,92.9,6.5,,,,1.5
3213,2022-06-04 18:00:00,+08:00,"Konggang New city, Xixian New District (西咸新区空港新城)",11191,34.460000000301,108.71083330042,72,72,46,3.6,4.6,21.6,2.9,88,18,,3.6
3214,2022-06-04 18:00:00,+08:00,"Quinta Park, Hancheng (韩城金塔公园)",11192,35.47735600008,110.44827900038,78,78,35,3.6,4.6,30.9,4.6,85.1,20.7,0.4,5
3215,2022-06-04 11:00:00,+01:00,"Howard Davis Park, Jersey",13056,49.179627,-2.09811,54,54,19,,,,,75,19.4,,2
